"position"	"NS"	"Depth"	"Alleles"	"RefCount"	"AltCount"	"SRF"	"SRR"	"SAF"	"SAR"	"Depth2"	"refper"	"altper"	"vartype"	"majorfreq"	"minorfreq"
"NC_001806.2_HSV1_s17:11774_G/A"	11774	1	88	1	82	6	31	51	2	4	88	93.2	6.8	"minor"	93.2	6.8
"NC_001806.2_HSV1_s17:18138_G/A"	18138	1	122	1	108	14	60	48	6	8	122	88.5	11.5	"minor"	88.5	11.5
"NC_001806.2_HSV1_s17:24729_C/T"	24729	1	1735	1	1693	42	703	990	6	36	1735	97.6	2.4	"minor"	97.6	2.4
"NC_001806.2_HSV1_s17:34869_A/G"	34869	1	177	1	169	8	118	51	1	7	177	95.5	4.5	"minor"	95.5	4.5
"NC_001806.2_HSV1_s17:40806_C/G"	40806	1	444	1	432	12	186	246	4	8	444	97.3	2.7	"minor"	97.3	2.7
"NC_001806.2_HSV1_s17:43743_G/C"	43743	1	357	1	345	11	122	223	2	9	356	96.9	3.1	"minor"	96.9	3.1
"NC_001806.2_HSV1_s17:50572_G/A"	50572	1	132	1	123	9	63	60	2	7	132	93.2	6.8	"minor"	93.2	6.8
"NC_001806.2_HSV1_s17:62152_C/G"	62152	1	228	1	190	38	57	133	28	10	228	83.3	16.7	"minor"	83.3	16.7
"NC_001806.2_HSV1_s17:62218_C/A"	62218	1	69	1	47	22	16	31	9	13	69	68.1	31.9	"minor"	68.1	31.9
"NC_001806.2_HSV1_s17:62223_C/G"	62223	1	901	1	871	29	428	443	6	23	900	96.8	3.2	"minor"	96.8	3.2
"NC_001806.2_HSV1_s17:79425_T/G"	79425	1	120	1	103	17	18	85	3	14	120	85.8	14.2	"minor"	85.8	14.2
"NC_001806.2_HSV1_s17:90201_G/A"	90201	1	2371	1	1565	806	731	834	373	433	2371	66	34	"minor"	66	34
"NC_001806.2_HSV1_s17:94051_C/T"	94051	1	1660	1	1607	53	59	1548	52	1	1660	96.8	3.2	"minor"	96.8	3.2
"NC_001806.2_HSV1_s17:94696_C/T"	94696	1	2334	1	2253	81	981	1272	22	59	2334	96.5	3.5	"minor"	96.5	3.5
"NC_001806.2_HSV1_s17:105176_G/A"	105176	1	121	1	115	6	52	63	3	3	121	95	5	"minor"	95	5
"NC_001806.2_HSV1_s17:116085_A/C"	116085	1	429	1	314	115	192	122	36	79	429	73.2	26.8	"minor"	73.2	26.8
"NC_001806.2_HSV1_s17:116094_A/C"	116094	1	3340	1	3232	108	1355	1877	61	47	3340	96.8	3.2	"minor"	96.8	3.2
"NC_001806.2_HSV1_s17:135073_C/G"	135073	1	842	1	793	49	336	457	25	24	842	94.2	5.8	"minor"	94.2	5.8
"NC_001806.2_HSV1_s17:138015_T/C"	138015	1	443	1	49	394	25	24	280	114	443	11.1	88.9	"minor"	88.9	11.1
"NC_001806.2_HSV1_s17:138102_C/G"	138102	1	35	1	22	13	3	19	7	6	35	62.9	37.1	"minor"	62.9	37.1
"NC_001806.2_HSV1_s17:139762_T/C"	139762	1	354	1	314	38	205	109	19	19	352	89.2	10.8	"minor"	89.2	10.8
"NC_001806.2_HSV1_s17:140429_CCTCCACC/TCCCCGCT"	140429	1	1113	1	737	370	266	471	210	160	1107	66.6	33.4	"minor"	66.6	33.4
"NC_001806.2_HSV1_s17:140450_TCCCCGCT/CCTCCACC"	140450	1	1812	1	1614	191	1001	613	24	167	1805	89.4	10.6	"minor"	89.4	10.6
"NC_001806.2_HSV1_s17:141062_T/C"	141062	1	551	1	517	34	431	86	14	20	551	93.8	6.2	"minor"	93.8	6.2
