"position"	"NS"	"Depth"	"Alleles"	"RefCount"	"AltCount"	"SRF"	"SRR"	"SAF"	"SAR"	"Depth2"	"refper"	"altper"	"vartype"	"majorfreq"	"minorfreq"
"NC_001806.2_HSV1_s17:9318_G/T"	9318	1	238	1	227	9	113	114	2	7	236	96.2	3.8	"minor"	96.2	3.8
"NC_001806.2_HSV1_s17:11774_G/A"	11774	1	331	1	311	20	119	192	10	10	331	94	6	"minor"	94	6
"NC_001806.2_HSV1_s17:24721_C/G"	24721	1	756	1	660	95	311	349	42	53	755	87.4	12.6	"minor"	87.4	12.6
"NC_001806.2_HSV1_s17:28939_G/C"	28939	1	322	1	262	60	116	146	37	23	322	81.4	18.6	"minor"	81.4	18.6
"NC_001806.2_HSV1_s17:34869_A/G"	34869	1	1913	1	1821	92	1167	654	1	91	1913	95.2	4.8	"minor"	95.2	4.8
"NC_001806.2_HSV1_s17:34882_A/G"	34882	1	1074	1	1038	35	722	316	21	14	1073	96.7	3.3	"minor"	96.7	3.3
"NC_001806.2_HSV1_s17:34965_C/A"	34965	1	78	1	52	26	24	28	7	19	78	66.7	33.3	"minor"	66.7	33.3
"NC_001806.2_HSV1_s17:35071_A/C"	35071	1	327	1	177	150	132	45	80	70	327	54.1	45.9	"minor"	54.1	45.9
"NC_001806.2_HSV1_s17:40802_C/A"	40802	1	197	1	171	26	107	64	18	8	197	86.8	13.2	"minor"	86.8	13.2
"NC_001806.2_HSV1_s17:40804_C/G"	40804	1	2063	1	1988	73	1027	961	22	51	2061	96.5	3.5	"minor"	96.5	3.5
"NC_001806.2_HSV1_s17:43742_G/C"	43742	1	727	1	707	20	281	426	4	16	727	97.2	2.8	"minor"	97.2	2.8
"NC_001806.2_HSV1_s17:45283_G/A"	45283	1	1621	1	1492	129	694	798	66	63	1621	92	8	"minor"	92	8
"NC_001806.2_HSV1_s17:49176_T/G"	49176	1	215	1	209	6	25	184	2	4	215	97.2	2.8	"minor"	97.2	2.8
"NC_001806.2_HSV1_s17:50572_G/A"	50572	1	1062	1	1022	36	349	673	22	14	1058	96.6	3.4	"minor"	96.6	3.4
"NC_001806.2_HSV1_s17:52880_T/G"	52880	1	1098	1	1072	25	577	495	3	22	1097	97.7	2.3	"minor"	97.7	2.3
"NC_001806.2_HSV1_s17:52892_G/A"	52892	1	2366	1	415	1951	391	24	1050	901	2366	17.5	82.5	"minor"	82.5	17.5
"NC_001806.2_HSV1_s17:52893_A/G"	52893	1	2842	1	2782	60	1542	1240	57	3	2842	97.9	2.1	"minor"	97.9	2.1
"NC_001806.2_HSV1_s17:52969_T/A"	52969	1	305	1	102	203	29	73	104	99	305	33.4	66.6	"minor"	66.6	33.4
"NC_001806.2_HSV1_s17:62142_C/G"	62142	1	1601	1	1567	33	737	830	8	25	1600	97.9	2.1	"minor"	97.9	2.1
"NC_001806.2_HSV1_s17:71616_T/C"	71616	1	825	1	350	475	95	255	176	299	825	42.4	57.6	"minor"	57.6	42.4
"NC_001806.2_HSV1_s17:80650_C/A"	80650	1	995	1	896	99	439	457	57	42	995	90.1	9.9	"minor"	90.1	9.9
"NC_001806.2_HSV1_s17:80651_GCCC/CCCA"	80651	1	924	1	170	746	91	79	357	389	916	18.6	81.4	"minor"	81.4	18.6
"NC_001806.2_HSV1_s17:94620_C/G"	94620	1	510	1	140	369	74	66	126	243	509	27.5	72.5	"minor"	72.5	27.5
"NC_001806.2_HSV1_s17:94624_T/G"	94624	1	3793	1	3715	78	644	3071	62	16	3793	97.9	2.1	"minor"	97.9	2.1
"NC_001806.2_HSV1_s17:98932_C/G"	98932	1	702	1	687	15	155	532	13	2	702	97.9	2.1	"minor"	97.9	2.1
"NC_001806.2_HSV1_s17:99191_T/G"	99191	1	324	1	289	35	3	286	17	18	324	89.2	10.8	"minor"	89.2	10.8
"NC_001806.2_HSV1_s17:103515_G/T"	103515	1	715	1	694	21	445	249	3	18	715	97.1	2.9	"minor"	97.1	2.9
"NC_001806.2_HSV1_s17:105176_G/A"	105176	1	875	1	833	40	320	513	7	33	873	95.4	4.6	"minor"	95.4	4.6
"NC_001806.2_HSV1_s17:105181_C/A"	105181	1	6064	1	5866	198	2760	3106	183	15	6064	96.7	3.3	"minor"	96.7	3.3
"NC_001806.2_HSV1_s17:116087_C/A"	116087	1	1257	1	1221	36	490	731	27	9	1257	97.1	2.9	"minor"	97.1	2.9
"NC_001806.2_HSV1_s17:133071_T/G"	133071	1	2455	1	2397	58	36	2361	57	1	2455	97.6	2.4	"minor"	97.6	2.4
"NC_001806.2_HSV1_s17:138129_T/G"	138129	1	419	1	368	51	99	269	32	19	419	87.8	12.2	"minor"	87.8	12.2
"NC_001806.2_HSV1_s17:139610_A/C"	139610	1	600	1	557	43	425	132	25	18	600	92.8	7.2	"minor"	92.8	7.2
"NC_001806.2_HSV1_s17:139762_T/C"	139762	1	385	1	352	28	241	111	7	21	380	92.6	7.4	"minor"	92.6	7.4
"NC_001806.2_HSV1_s17:141062_T/C"	141062	1	2418	1	1035	1383	754	281	676	707	2418	42.8	57.2	"minor"	57.2	42.8
"NC_001806.2_HSV1_s17:141803_A/G"	141803	1	2345	1	2254	90	1317	937	42	48	2344	96.2	3.8	"minor"	96.2	3.8
"NC_001806.2_HSV1_s17:145264_G/C"	145264	1	493	1	471	21	244	227	12	9	492	95.7	4.3	"minor"	95.7	4.3
