"position"	"NS"	"Depth"	"Alleles"	"RefCount"	"AltCount"	"SRF"	"SRR"	"SAF"	"SAR"	"Depth2"	"refper"	"altper"	"vartype"	"majorfreq"	"minorfreq"
"NC_001806.2_HSV1_s17:10069_C/T"	10069	1	206	1	200	6	133	67	3	3	206	97.1	2.9	"minor"	97.1	2.9
"NC_001806.2_HSV1_s17:11059_CGA/CT"	11059	1	423	1	412	10	185	227	5	5	422	97.6	2.4	"minor"	97.6	2.4
"NC_001806.2_HSV1_s17:11776_G/A"	11776	1	110	1	101	9	25	76	3	6	110	91.8	8.2	"minor"	91.8	8.2
"NC_001806.2_HSV1_s17:13557_C/T"	13557	1	2165	1	2117	48	1090	1027	24	24	2165	97.8	2.2	"minor"	97.8	2.2
"NC_001806.2_HSV1_s17:16621_C/T"	16621	1	414	1	404	10	271	133	5	5	414	97.6	2.4	"minor"	97.6	2.4
"NC_001806.2_HSV1_s17:17010_C/T"	17010	1	392	1	380	12	142	238	6	6	392	96.9	3.1	"minor"	96.9	3.1
"NC_001806.2_HSV1_s17:17224_C/T"	17224	1	88	1	82	6	61	21	3	3	88	93.2	6.8	"minor"	93.2	6.8
"NC_001806.2_HSV1_s17:18135_G/A"	18135	1	490	1	419	71	222	197	38	33	490	85.5	14.5	"minor"	85.5	14.5
"NC_001806.2_HSV1_s17:18137_A/G"	18137	1	507	1	70	437	41	29	230	207	507	13.8	86.2	"minor"	86.2	13.8
"NC_001806.2_HSV1_s17:19686_C/T"	19686	1	498	1	475	23	274	201	8	15	498	95.4	4.6	"minor"	95.4	4.6
"NC_001806.2_HSV1_s17:21666_C/T"	21666	1	487	1	476	10	268	208	5	5	486	97.9	2.1	"minor"	97.9	2.1
"NC_001806.2_HSV1_s17:24001_C/T"	24001	1	1164	1	1136	28	562	574	14	14	1164	97.6	2.4	"minor"	97.6	2.4
"NC_001806.2_HSV1_s17:24717_T/C"	24717	1	86	1	10	76	3	7	34	42	86	11.6	88.4	"minor"	88.4	11.6
"NC_001806.2_HSV1_s17:24719_CCCC/ACCG"	24719	1	53	1	42	10	15	27	3	7	52	80.8	19.2	"minor"	80.8	19.2
"NC_001806.2_HSV1_s17:25424_C/T"	25424	1	359	1	349	10	193	156	5	5	359	97.2	2.8	"minor"	97.2	2.8
"NC_001806.2_HSV1_s17:25991_C/T"	25991	1	482	1	472	10	256	216	7	3	482	97.9	2.1	"minor"	97.9	2.1
"NC_001806.2_HSV1_s17:26378_C/T"	26378	1	389	1	381	8	228	153	4	4	389	97.9	2.1	"minor"	97.9	2.1
"NC_001806.2_HSV1_s17:27430_C/T"	27430	1	565	1	550	15	277	273	5	10	565	97.3	2.7	"minor"	97.3	2.7
"NC_001806.2_HSV1_s17:33082_C/A"	33082	1	238	1	232	6	128	104	3	3	238	97.5	2.5	"minor"	97.5	2.5
"NC_001806.2_HSV1_s17:34882_A/G"	34882	1	78	1	6	71	1	5	39	32	77	7.8	92.2	"minor"	92.2	7.8
"NC_001806.2_HSV1_s17:34883_A/G"	34883	1	86	1	75	11	54	21	3	8	86	87.2	12.8	"minor"	87.2	12.8
"NC_001806.2_HSV1_s17:37949_G/T"	37949	1	297	1	285	12	145	140	6	6	297	96	4	"minor"	96	4
"NC_001806.2_HSV1_s17:41441_C/T"	41441	1	753	1	735	18	334	401	14	4	753	97.6	2.4	"minor"	97.6	2.4
"NC_001806.2_HSV1_s17:42512_C/T"	42512	1	1240	1	1210	30	538	672	12	18	1240	97.6	2.4	"minor"	97.6	2.4
"NC_001806.2_HSV1_s17:42729_C/A"	42729	1	231	1	226	5	102	124	2	3	231	97.8	2.2	"minor"	97.8	2.2
"NC_001806.2_HSV1_s17:42809_C/A"	42809	1	243	1	237	6	120	117	3	3	243	97.5	2.5	"minor"	97.5	2.5
"NC_001806.2_HSV1_s17:43742_G/C"	43742	1	168	1	149	19	51	98	9	10	168	88.7	11.3	"minor"	88.7	11.3
"NC_001806.2_HSV1_s17:48959_C/G"	48959	1	467	1	455	12	196	259	6	6	467	97.4	2.6	"minor"	97.4	2.6
"NC_001806.2_HSV1_s17:52352_C/T"	52352	1	421	1	409	12	153	256	6	6	421	97.1	2.9	"minor"	97.1	2.9
"NC_001806.2_HSV1_s17:58243_C/T"	58243	1	333	1	320	13	191	129	1	12	333	96.1	3.9	"minor"	96.1	3.9
"NC_001806.2_HSV1_s17:62218_C/A"	62218	1	46	1	39	7	19	20	6	1	46	84.8	15.2	"minor"	84.8	15.2
"NC_001806.2_HSV1_s17:62223_C/G"	62223	1	369	1	341	23	153	188	5	18	364	93.7	6.3	"minor"	93.7	6.3
"NC_001806.2_HSV1_s17:67357_C/T"	67357	1	628	1	603	25	327	276	12	13	628	96	4	"minor"	96	4
"NC_001806.2_HSV1_s17:71808_T/C"	71808	1	23	1	8	15	4	4	10	5	23	34.8	65.2	"minor"	65.2	34.8
"NC_001806.2_HSV1_s17:79425_T/G"	79425	1	56	1	49	7	11	38	1	6	56	87.5	12.5	"minor"	87.5	12.5
"NC_001806.2_HSV1_s17:79842_C/T"	79842	1	410	1	397	13	199	198	7	6	410	96.8	3.2	"minor"	96.8	3.2
"NC_001806.2_HSV1_s17:80516_C/G"	80516	1	57	1	39	18	9	30	10	8	57	68.4	31.6	"minor"	68.4	31.6
"NC_001806.2_HSV1_s17:80521_T/G"	80521	1	475	1	459	16	167	292	5	11	475	96.6	3.4	"minor"	96.6	3.4
"NC_001806.2_HSV1_s17:80650_C/A"	80650	1	416	1	404	12	180	224	5	7	416	97.1	2.9	"minor"	97.1	2.9
"NC_001806.2_HSV1_s17:80651_GCCC/CCCA"	80651	1	354	1	11	338	4	7	118	220	349	3.2	96.8	"minor"	96.8	3.2
"NC_001806.2_HSV1_s17:81553_C/T"	81553	1	557	1	545	12	297	248	6	6	557	97.8	2.2	"minor"	97.8	2.2
"NC_001806.2_HSV1_s17:82647_A/T"	82647	1	726	1	704	22	329	375	10	12	726	97	3	"minor"	97	3
"NC_001806.2_HSV1_s17:88023_G/C"	88023	1	243	1	236	7	144	92	4	3	243	97.1	2.9	"minor"	97.1	2.9
"NC_001806.2_HSV1_s17:89847_C/T"	89847	1	503	1	491	12	299	192	9	3	503	97.6	2.4	"minor"	97.6	2.4
"NC_001806.2_HSV1_s17:91428_G/A"	91428	1	628	1	612	16	320	292	8	8	628	97.5	2.5	"minor"	97.5	2.5
"NC_001806.2_HSV1_s17:92186_C/A"	92186	1	391	1	381	8	251	130	3	5	389	97.9	2.1	"minor"	97.9	2.1
"NC_001806.2_HSV1_s17:92309_C/T"	92309	1	1051	1	1023	28	555	468	15	13	1051	97.3	2.7	"minor"	97.3	2.7
"NC_001806.2_HSV1_s17:92731_C/T"	92731	1	725	1	709	16	307	402	8	8	725	97.8	2.2	"minor"	97.8	2.2
"NC_001806.2_HSV1_s17:94624_T/G"	94624	1	527	1	497	30	77	420	8	22	527	94.3	5.7	"minor"	94.3	5.7
"NC_001806.2_HSV1_s17:94695_G/C"	94695	1	86	1	81	5	20	61	3	2	86	94.2	5.8	"minor"	94.2	5.8
"NC_001806.2_HSV1_s17:94701_A/C"	94701	1	485	1	470	15	173	297	5	10	485	96.9	3.1	"minor"	96.9	3.1
"NC_001806.2_HSV1_s17:95929_C/A"	95929	1	309	1	301	8	159	142	4	4	309	97.4	2.6	"minor"	97.4	2.6
"NC_001806.2_HSV1_s17:96706_C/A"	96706	1	265	1	259	6	143	116	3	3	265	97.7	2.3	"minor"	97.7	2.3
"NC_001806.2_HSV1_s17:97760_C/T"	97760	1	961	1	939	22	452	487	21	1	961	97.7	2.3	"minor"	97.7	2.3
"NC_001806.2_HSV1_s17:101820_A/T"	101820	1	170	1	162	8	129	33	6	2	170	95.3	4.7	"minor"	95.3	4.7
"NC_001806.2_HSV1_s17:102861_C/T"	102861	1	163	1	157	6	85	72	3	3	163	96.3	3.7	"minor"	96.3	3.7
"NC_001806.2_HSV1_s17:105266_C/A"	105266	1	623	1	604	19	275	329	9	10	623	97	3	"minor"	97	3
"NC_001806.2_HSV1_s17:110830_C/A"	110830	1	325	1	315	10	187	128	5	5	325	96.9	3.1	"minor"	96.9	3.1
"NC_001806.2_HSV1_s17:114604_C/T"	114604	1	475	1	465	10	260	205	5	5	475	97.9	2.1	"minor"	97.9	2.1
"NC_001806.2_HSV1_s17:115081_C/T"	115081	1	523	1	499	24	249	250	12	12	523	95.4	4.6	"minor"	95.4	4.6
"NC_001806.2_HSV1_s17:116059_C/T"	116059	1	1639	1	1594	45	765	829	22	23	1639	97.3	2.7	"minor"	97.3	2.7
"NC_001806.2_HSV1_s17:116094_A/C"	116094	1	133	1	42	91	23	19	72	19	133	31.6	68.4	"minor"	68.4	31.6
"NC_001806.2_HSV1_s17:134227_C/T"	134227	1	862	1	838	24	416	422	12	12	862	97.2	2.8	"minor"	97.2	2.8
"NC_001806.2_HSV1_s17:134272_C/T"	134272	1	845	1	822	23	401	421	11	12	845	97.3	2.7	"minor"	97.3	2.7
"NC_001806.2_HSV1_s17:136091_C/T"	136091	1	529	1	517	12	258	259	6	6	529	97.7	2.3	"minor"	97.7	2.3
"NC_001806.2_HSV1_s17:136250_C/T"	136250	1	581	1	567	14	322	245	11	3	581	97.6	2.4	"minor"	97.6	2.4
"NC_001806.2_HSV1_s17:136979_T/A"	136979	1	385	1	376	9	184	192	2	7	385	97.7	2.3	"minor"	97.7	2.3
"NC_001806.2_HSV1_s17:137004_G/C"	137004	1	448	1	415	33	206	209	14	19	448	92.6	7.4	"minor"	92.6	7.4
"NC_001806.2_HSV1_s17:139583_C/A"	139583	1	491	1	473	18	227	246	16	2	491	96.3	3.7	"minor"	96.3	3.7
"NC_001806.2_HSV1_s17:139585_C/T"	139585	1	491	1	478	13	236	242	6	7	491	97.4	2.6	"minor"	97.4	2.6
"NC_001806.2_HSV1_s17:143144_C/T"	143144	1	508	1	488	20	280	208	10	10	508	96.1	3.9	"minor"	96.1	3.9
"NC_001806.2_HSV1_s17:143260_A/T"	143260	1	903	1	883	20	464	419	10	10	903	97.8	2.2	"minor"	97.8	2.2
"NC_001806.2_HSV1_s17:144008_C/T"	144008	1	460	1	450	10	289	161	5	5	460	97.8	2.2	"minor"	97.8	2.2
"NC_001806.2_HSV1_s17:144843_G/T"	144843	1	184	1	146	38	98	48	16	22	184	79.3	20.7	"minor"	79.3	20.7
"NC_001806.2_HSV1_s17:145087_C/T"	145087	1	821	1	804	17	364	440	9	8	821	97.9	2.1	"minor"	97.9	2.1
