"position"	"NS"	"Depth"	"Alleles"	"RefCount"	"AltCount"	"SRF"	"SRR"	"SAF"	"SAR"	"Depth2"	"refper"	"altper"	"vartype"	"majorfreq"	"minorfreq"
"NC_001806.2_HSV1_s17:30433_C/T"	30433	1	289	1	283	6	134	149	3	3	289	97.9	2.1	"minor"	97.9	2.1
"NC_001806.2_HSV1_s17:34872_G/A"	34872	1	77	1	65	12	32	33	11	1	77	84.4	15.6	"minor"	84.4	15.6
"NC_001806.2_HSV1_s17:42753_G/T"	42753	1	72	1	66	6	32	34	1	5	72	91.7	8.3	"minor"	91.7	8.3
"NC_001806.2_HSV1_s17:51834_C/T"	51834	1	203	1	198	5	116	82	3	2	203	97.5	2.5	"minor"	97.5	2.5
"NC_001806.2_HSV1_s17:52969_T/A"	52969	1	94	1	74	20	30	44	14	6	94	78.7	21.3	"minor"	78.7	21.3
"NC_001806.2_HSV1_s17:52971_G/A"	52971	1	576	1	544	32	294	250	15	17	576	94.4	5.6	"minor"	94.4	5.6
"NC_001806.2_HSV1_s17:52991_C/A"	52991	1	99	1	85	14	50	35	11	3	99	85.9	14.1	"minor"	85.9	14.1
"NC_001806.2_HSV1_s17:53002_A/C"	53002	1	685	1	657	28	358	299	19	9	685	95.9	4.1	"minor"	95.9	4.1
"NC_001806.2_HSV1_s17:53073_A/C"	53073	1	81	1	53	28	38	15	15	13	81	65.4	34.6	"minor"	65.4	34.6
"NC_001806.2_HSV1_s17:81352_C/T"	81352	1	177	1	171	6	95	76	3	3	177	96.6	3.4	"minor"	96.6	3.4
"NC_001806.2_HSV1_s17:94620_C/G"	94620	1	23	1	18	5	14	4	3	2	23	78.3	21.7	"minor"	78.3	21.7
"NC_001806.2_HSV1_s17:116094_A/C"	116094	1	130	1	71	59	10	61	40	19	130	54.6	45.4	"minor"	54.6	45.4
"NC_001806.2_HSV1_s17:138020_C/T"	138020	1	18	1	13	5	8	5	3	2	18	72.2	27.8	"minor"	72.2	27.8
"NC_001806.2_HSV1_s17:141062_T/C"	141062	1	169	1	71	98	53	18	76	22	169	42	58	"minor"	58	42
