"position"	"NS"	"Depth"	"Alleles"	"RefCount"	"AltCount"	"SRF"	"SRR"	"SAF"	"SAR"	"Depth2"	"refper"	"altper"	"vartype"	"majorfreq"	"minorfreq"
"NC_001806.2_HSV1_s17:10233_C/T"	10233	1	174	1	162	12	84	78	6	6	174	93.1	6.9	"minor"	93.1	6.9
"NC_001806.2_HSV1_s17:10238_CGAC/TGAT"	10238	1	184	1	172	12	89	83	6	6	184	93.5	6.5	"minor"	93.5	6.5
"NC_001806.2_HSV1_s17:13719_C/T"	13719	1	156	1	151	5	68	83	2	3	156	96.8	3.2	"minor"	96.8	3.2
"NC_001806.2_HSV1_s17:16349_C/T"	16349	1	126	1	117	9	58	59	4	5	126	92.9	7.1	"minor"	92.9	7.1
"NC_001806.2_HSV1_s17:16966_C/T"	16966	1	80	1	73	7	39	34	3	4	80	91.2	8.8	"minor"	91.2	8.8
"NC_001806.2_HSV1_s17:19016_C/A"	19016	1	260	1	251	9	119	132	4	5	260	96.5	3.5	"minor"	96.5	3.5
"NC_001806.2_HSV1_s17:22156_C/A"	22156	1	230	1	223	7	116	107	3	4	230	97	3	"minor"	97	3
"NC_001806.2_HSV1_s17:23131_C/T"	23131	1	265	1	259	6	132	127	5	1	265	97.7	2.3	"minor"	97.7	2.3
"NC_001806.2_HSV1_s17:24089_C/T"	24089	1	231	1	223	8	105	118	5	3	231	96.5	3.5	"minor"	96.5	3.5
"NC_001806.2_HSV1_s17:26573_A/T"	26573	1	80	1	74	6	35	39	3	3	80	92.5	7.5	"minor"	92.5	7.5
"NC_001806.2_HSV1_s17:35070_C/A"	35070	1	61	1	55	6	21	34	1	5	61	90.2	9.8	"minor"	90.2	9.8
"NC_001806.2_HSV1_s17:35071_A/C"	35071	1	45	1	22	23	12	10	3	20	45	48.9	51.1	"minor"	51.1	48.9
"NC_001806.2_HSV1_s17:35327_C/T"	35327	1	289	1	283	6	147	136	2	4	289	97.9	2.1	"minor"	97.9	2.1
"NC_001806.2_HSV1_s17:37332_C/A"	37332	1	121	1	116	5	63	53	3	2	121	95.9	4.1	"minor"	95.9	4.1
"NC_001806.2_HSV1_s17:39435_C/A"	39435	1	129	1	121	8	58	63	4	4	129	93.8	6.2	"minor"	93.8	6.2
"NC_001806.2_HSV1_s17:40118_C/T"	40118	1	160	1	152	8	73	79	4	4	160	95	5	"minor"	95	5
"NC_001806.2_HSV1_s17:42753_G/T"	42753	1	26	1	19	7	10	9	1	6	26	73.1	26.9	"minor"	73.1	26.9
"NC_001806.2_HSV1_s17:42759_T/G"	42759	1	22	1	16	6	11	5	2	4	22	72.7	27.3	"minor"	72.7	27.3
"NC_001806.2_HSV1_s17:42988_C/T"	42988	1	95	1	87	8	44	43	4	4	95	91.6	8.4	"minor"	91.6	8.4
"NC_001806.2_HSV1_s17:44303_C/T"	44303	1	299	1	291	8	152	139	3	5	299	97.3	2.7	"minor"	97.3	2.7
"NC_001806.2_HSV1_s17:45050_G/T"	45050	1	163	1	157	6	78	79	3	3	163	96.3	3.7	"minor"	96.3	3.7
"NC_001806.2_HSV1_s17:46439_C/G"	46439	1	170	1	159	11	84	75	3	8	170	93.5	6.5	"minor"	93.5	6.5
"NC_001806.2_HSV1_s17:47360_C/T"	47360	1	27	1	21	6	10	11	3	3	27	77.8	22.2	"minor"	77.8	22.2
"NC_001806.2_HSV1_s17:48000_A/T"	48000	1	236	1	228	8	124	104	4	4	236	96.6	3.4	"minor"	96.6	3.4
"NC_001806.2_HSV1_s17:48722_C/A"	48722	1	27	1	10	17	4	6	10	7	27	37	63	"minor"	63	37
"NC_001806.2_HSV1_s17:49437_C/T"	49437	1	160	1	152	8	73	79	4	4	160	95	5	"minor"	95	5
"NC_001806.2_HSV1_s17:52969_T/A"	52969	1	20	1	7	13	3	4	5	8	20	35	65	"minor"	65	35
"NC_001806.2_HSV1_s17:55205_C/A"	55205	1	147	1	141	6	72	69	3	3	147	95.9	4.1	"minor"	95.9	4.1
"NC_001806.2_HSV1_s17:58399_C/G"	58399	1	200	1	192	6	105	87	3	3	198	97	3	"minor"	97	3
"NC_001806.2_HSV1_s17:62009_C/T"	62009	1	234	1	223	11	109	114	6	5	234	95.3	4.7	"minor"	95.3	4.7
"NC_001806.2_HSV1_s17:62376_C/A"	62376	1	120	1	115	5	56	59	1	4	120	95.8	4.2	"minor"	95.8	4.2
"NC_001806.2_HSV1_s17:64435_G/T"	64435	1	533	1	521	12	243	278	6	6	533	97.7	2.3	"minor"	97.7	2.3
"NC_001806.2_HSV1_s17:68646_A/G"	68646	1	184	1	178	6	87	91	2	4	184	96.7	3.3	"minor"	96.7	3.3
"NC_001806.2_HSV1_s17:68988_C/A"	68988	1	50	1	45	5	23	22	2	3	50	90	10	"minor"	90	10
"NC_001806.2_HSV1_s17:70028_C/A"	70028	1	261	1	253	8	112	141	4	4	261	96.9	3.1	"minor"	96.9	3.1
"NC_001806.2_HSV1_s17:75966_G/A"	75966	1	266	1	260	6	132	128	3	3	266	97.7	2.3	"minor"	97.7	2.3
"NC_001806.2_HSV1_s17:78347_A/T"	78347	1	203	1	196	7	104	92	4	3	203	96.6	3.4	"minor"	96.6	3.4
"NC_001806.2_HSV1_s17:84096_C/T"	84096	1	54	1	47	5	18	29	3	2	52	90.4	9.6	"minor"	90.4	9.6
"NC_001806.2_HSV1_s17:84098_C/T"	84098	1	56	1	51	5	21	30	3	2	56	91.1	8.9	"minor"	91.1	8.9
"NC_001806.2_HSV1_s17:84359_G/A"	84359	1	166	1	160	6	83	77	3	3	166	96.4	3.6	"minor"	96.4	3.6
"NC_001806.2_HSV1_s17:89968_T/A"	89968	1	178	1	170	8	92	78	4	4	178	95.5	4.5	"minor"	95.5	4.5
"NC_001806.2_HSV1_s17:89985_A/C"	89985	1	203	1	195	8	103	92	4	4	203	96.1	3.9	"minor"	96.1	3.9
"NC_001806.2_HSV1_s17:90842_C/A"	90842	1	273	1	267	6	138	129	3	3	273	97.8	2.2	"minor"	97.8	2.2
"NC_001806.2_HSV1_s17:91281_C/T"	91281	1	318	1	306	12	157	149	3	9	318	96.2	3.8	"minor"	96.2	3.8
"NC_001806.2_HSV1_s17:93918_C/T"	93918	1	184	1	179	5	88	91	2	3	184	97.3	2.7	"minor"	97.3	2.7
"NC_001806.2_HSV1_s17:94620_C/G"	94620	1	14	1	6	8	3	3	4	4	14	42.9	57.1	"minor"	57.1	42.9
"NC_001806.2_HSV1_s17:94624_T/G"	94624	1	153	1	144	9	40	104	6	3	153	94.1	5.9	"minor"	94.1	5.9
"NC_001806.2_HSV1_s17:94688_G/A"	94688	1	273	1	267	6	120	147	2	4	273	97.8	2.2	"minor"	97.8	2.2
"NC_001806.2_HSV1_s17:96063_A/T"	96063	1	81	1	75	6	32	43	3	3	81	92.6	7.4	"minor"	92.6	7.4
"NC_001806.2_HSV1_s17:98645_T/G"	98645	1	243	1	231	12	97	134	5	7	243	95.1	4.9	"minor"	95.1	4.9
"NC_001806.2_HSV1_s17:100656_C/T"	100656	1	152	1	145	7	76	69	3	4	152	95.4	4.6	"minor"	95.4	4.6
"NC_001806.2_HSV1_s17:105181_C/A"	105181	1	169	1	161	8	77	84	4	4	169	95.3	4.7	"minor"	95.3	4.7
"NC_001806.2_HSV1_s17:109968_C/T"	109968	1	140	1	134	6	71	63	3	3	140	95.7	4.3	"minor"	95.7	4.3
"NC_001806.2_HSV1_s17:110165_C/A"	110165	1	207	1	199	8	95	104	4	4	207	96.1	3.9	"minor"	96.1	3.9
"NC_001806.2_HSV1_s17:112452_C/T"	112452	1	284	1	278	6	132	146	3	3	284	97.9	2.1	"minor"	97.9	2.1
"NC_001806.2_HSV1_s17:112939_A/T"	112939	1	320	1	313	7	175	138	3	4	320	97.8	2.2	"minor"	97.8	2.2
"NC_001806.2_HSV1_s17:134453_C/T"	134453	1	242	1	237	5	127	110	2	3	242	97.9	2.1	"minor"	97.9	2.1
"NC_001806.2_HSV1_s17:138648_C/T"	138648	1	251	1	245	6	118	127	3	3	251	97.6	2.4	"minor"	97.6	2.4
