"position"	"NS"	"Depth"	"Alleles"	"RefCount"	"AltCount"	"SRF"	"SRR"	"SAF"	"SAR"	"Depth2"	"refper"	"altper"	"vartype"	"majorfreq"	"minorfreq"
"NC_001806.2_HSV1_s17:11774_G/A"	11774	1	128	1	96	32	38	58	13	19	128	75	25	"minor"	75	25
"NC_001806.2_HSV1_s17:18138_G/A"	18138	1	289	1	241	48	130	111	19	29	289	83.4	16.6	"minor"	83.4	16.6
"NC_001806.2_HSV1_s17:20572_G/C"	20572	1	217	1	187	30	55	132	10	20	217	86.2	13.8	"minor"	86.2	13.8
"NC_001806.2_HSV1_s17:34870_G/A"	34870	1	584	1	564	20	233	331	18	2	584	96.6	3.4	"minor"	96.6	3.4
"NC_001806.2_HSV1_s17:34965_C/A"	34965	1	104	1	96	8	41	55	4	4	104	92.3	7.7	"minor"	92.3	7.7
"NC_001806.2_HSV1_s17:35071_A/C"	35071	1	125	1	33	92	11	22	23	69	125	26.4	73.6	"minor"	73.6	26.4
"NC_001806.2_HSV1_s17:36333_A/G"	36333	1	36	1	23	13	10	13	6	7	36	63.9	36.1	"minor"	63.9	36.1
"NC_001806.2_HSV1_s17:43741_G/C"	43741	1	778	1	727	51	375	352	24	27	778	93.4	6.6	"minor"	93.4	6.6
"NC_001806.2_HSV1_s17:50770_T/C"	50770	1	203	1	165	35	21	144	23	12	200	82.5	17.5	"minor"	82.5	17.5
"NC_001806.2_HSV1_s17:52885_G/T"	52885	1	458	1	409	49	251	158	3	46	458	89.3	10.7	"minor"	89.3	10.7
"NC_001806.2_HSV1_s17:52969_T/A"	52969	1	474	1	295	179	133	162	111	68	474	62.2	37.8	"minor"	62.2	37.8
"NC_001806.2_HSV1_s17:62142_C/G"	62142	1	523	1	476	46	231	245	14	32	522	91.2	8.8	"minor"	91.2	8.8
"NC_001806.2_HSV1_s17:79425_T/G"	79425	1	141	1	128	13	25	103	4	9	141	90.8	9.2	"minor"	90.8	9.2
"NC_001806.2_HSV1_s17:80651_GCCC/CCCA"	80651	1	492	1	44	439	25	19	67	372	483	9.1	90.9	"minor"	90.9	9.1
"NC_001806.2_HSV1_s17:94620_C/G"	94620	1	226	1	133	93	74	59	52	41	226	58.8	41.2	"minor"	58.8	41.2
"NC_001806.2_HSV1_s17:94624_T/G"	94624	1	2296	1	2240	56	468	1772	38	18	2296	97.6	2.4	"minor"	97.6	2.4
"NC_001806.2_HSV1_s17:99191_T/G"	99191	1	402	1	392	9	2	390	6	3	401	97.8	2.2	"minor"	97.8	2.2
"NC_001806.2_HSV1_s17:101104_C/T"	101104	1	545	1	517	28	210	307	10	18	545	94.9	5.1	"minor"	94.9	5.1
"NC_001806.2_HSV1_s17:101702_G/A"	101702	1	294	1	253	41	176	77	27	14	294	86.1	13.9	"minor"	86.1	13.9
"NC_001806.2_HSV1_s17:104396_G/A"	104396	1	4048	1	3942	105	1911	2031	54	51	4047	97.4	2.6	"minor"	97.4	2.6
"NC_001806.2_HSV1_s17:105176_G/A"	105176	1	237	1	225	12	111	114	6	6	237	94.9	5.1	"minor"	94.9	5.1
"NC_001806.2_HSV1_s17:105381_C/A"	105381	1	133	1	97	36	56	41	19	17	133	72.9	27.1	"minor"	72.9	27.1
"NC_001806.2_HSV1_s17:105483_G/T"	105483	1	208	1	201	7	82	119	2	5	208	96.6	3.4	"minor"	96.6	3.4
"NC_001806.2_HSV1_s17:116094_A/C"	116094	1	543	1	255	286	89	166	194	92	541	47.1	52.9	"minor"	52.9	47.1
"NC_001806.2_HSV1_s17:132814_G/T"	132814	1	2210	1	2137	73	1240	897	39	34	2210	96.7	3.3	"minor"	96.7	3.3
"NC_001806.2_HSV1_s17:135065_C/G"	135065	1	174	1	162	12	78	84	11	1	174	93.1	6.9	"minor"	93.1	6.9
"NC_001806.2_HSV1_s17:135073_C/G"	135073	1	570	1	547	23	179	368	13	10	570	96	4	"minor"	96	4
"NC_001806.2_HSV1_s17:138015_T/C"	138015	1	401	1	51	350	36	15	245	105	401	12.7	87.3	"minor"	87.3	12.7
"NC_001806.2_HSV1_s17:141062_T/C"	141062	1	414	1	57	357	49	8	226	131	414	13.8	86.2	"minor"	86.2	13.8
"NC_001806.2_HSV1_s17:141803_A/G"	141803	1	451	1	417	34	152	265	2	32	451	92.5	7.5	"minor"	92.5	7.5
"NC_001806.2_HSV1_s17:145264_G/C"	145264	1	132	1	111	19	46	65	14	5	130	85.4	14.6	"minor"	85.4	14.6
"NC_001806.2_HSV1_s17:145589_C/G"	145589	1	309	1	293	16	135	158	4	12	309	94.8	5.2	"minor"	94.8	5.2
