"position"	"NS"	"Depth"	"Alleles"	"RefCount"	"AltCount"	"SRF"	"SRR"	"SAF"	"SAR"	"Depth2"	"refper"	"altper"	"vartype"	"majorfreq"	"minorfreq"
"NC_001806.2_HSV1_s17:9185_G/A"	9185	1	22	1	14	8	8	6	7	1	22	63.6	36.4	"minor"	63.6	36.4
"NC_001806.2_HSV1_s17:11668_G/C"	11668	1	875	1	832	43	514	318	1	42	875	95.1	4.9	"minor"	95.1	4.9
"NC_001806.2_HSV1_s17:15457_G/T"	15457	1	745	1	715	30	368	347	16	14	745	96	4	"minor"	96	4
"NC_001806.2_HSV1_s17:18209_T/G"	18209	1	156	1	136	20	81	55	8	12	156	87.2	12.8	"minor"	87.2	12.8
"NC_001806.2_HSV1_s17:24727_C/T"	24727	1	1917	1	1854	61	842	1012	24	37	1915	96.8	3.2	"minor"	96.8	3.2
"NC_001806.2_HSV1_s17:28939_G/C"	28939	1	109	1	89	20	31	58	13	7	109	81.7	18.3	"minor"	81.7	18.3
"NC_001806.2_HSV1_s17:30119_C/A"	30119	1	371	1	359	12	134	225	9	3	371	96.8	3.2	"minor"	96.8	3.2
"NC_001806.2_HSV1_s17:30124_T/C"	30124	1	116	1	52	64	1	51	42	22	116	44.8	55.2	"minor"	55.2	44.8
"NC_001806.2_HSV1_s17:34879_G/A"	34879	1	462	1	429	33	56	373	16	17	462	92.9	7.1	"minor"	92.9	7.1
"NC_001806.2_HSV1_s17:35071_A/C"	35071	1	118	1	79	39	52	27	16	23	118	66.9	33.1	"minor"	66.9	33.1
"NC_001806.2_HSV1_s17:35079_G/C"	35079	1	706	1	660	46	148	512	42	4	706	93.5	6.5	"minor"	93.5	6.5
"NC_001806.2_HSV1_s17:36333_A/G"	36333	1	49	1	24	25	4	20	19	6	49	49	51	"minor"	51	49
"NC_001806.2_HSV1_s17:41718_A/C"	41718	1	629	1	611	18	493	118	11	7	629	97.1	2.9	"minor"	97.1	2.9
"NC_001806.2_HSV1_s17:43743_G/C"	43743	1	353	1	327	26	139	188	12	14	353	92.6	7.4	"minor"	92.6	7.4
"NC_001806.2_HSV1_s17:48722_C/A"	48722	1	129	1	100	29	60	40	18	11	129	77.5	22.5	"minor"	77.5	22.5
"NC_001806.2_HSV1_s17:50771_T/C"	50771	1	128	1	119	9	74	45	7	2	128	93	7	"minor"	93	7
"NC_001806.2_HSV1_s17:52809_C/T"	52809	1	136	1	104	32	63	41	1	31	136	76.5	23.5	"minor"	76.5	23.5
"NC_001806.2_HSV1_s17:52817_A/T"	52817	1	977	1	954	23	555	399	11	12	977	97.6	2.4	"minor"	97.6	2.4
"NC_001806.2_HSV1_s17:52969_T/A"	52969	1	148	1	75	73	34	41	32	41	148	50.7	49.3	"minor"	50.7	49.3
"NC_001806.2_HSV1_s17:53002_A/C"	53002	1	211	1	23	188	8	15	99	89	211	10.9	89.1	"minor"	89.1	10.9
"NC_001806.2_HSV1_s17:62152_C/G"	62152	1	189	1	171	18	66	105	16	2	189	90.5	9.5	"minor"	90.5	9.5
"NC_001806.2_HSV1_s17:62218_C/A"	62218	1	20	1	15	5	4	11	2	3	20	75	25	"minor"	75	25
"NC_001806.2_HSV1_s17:62223_C/G"	62223	1	507	1	495	12	274	221	2	10	507	97.6	2.4	"minor"	97.6	2.4
"NC_001806.2_HSV1_s17:71628_T/C"	71628	1	32	1	21	11	6	15	2	9	32	65.6	34.4	"minor"	65.6	34.4
"NC_001806.2_HSV1_s17:79425_T/G"	79425	1	53	1	43	10	11	32	1	9	53	81.1	18.9	"minor"	81.1	18.9
"NC_001806.2_HSV1_s17:80648_C/G"	80648	1	173	1	159	14	84	75	6	8	173	91.9	8.1	"minor"	91.9	8.1
"NC_001806.2_HSV1_s17:94620_C/G"	94620	1	103	1	35	68	16	19	40	28	103	34	66	"minor"	66	34
"NC_001806.2_HSV1_s17:94696_C/T"	94696	1	1709	1	1667	42	777	890	6	36	1709	97.5	2.5	"minor"	97.5	2.5
"NC_001806.2_HSV1_s17:99194_T/G"	99194	1	106	1	100	6	2	98	3	3	106	94.3	5.7	"minor"	94.3	5.7
"NC_001806.2_HSV1_s17:99203_T/G"	99203	1	714	1	695	19	31	664	3	16	714	97.3	2.7	"minor"	97.3	2.7
"NC_001806.2_HSV1_s17:103480_T/C"	103480	1	170	1	126	44	75	51	29	15	170	74.1	25.9	"minor"	74.1	25.9
"NC_001806.2_HSV1_s17:103515_G/T"	103515	1	287	1	280	7	159	121	3	4	287	97.6	2.4	"minor"	97.6	2.4
"NC_001806.2_HSV1_s17:116063_A/C"	116063	1	120	1	91	29	55	36	16	13	120	75.8	24.2	"minor"	75.8	24.2
"NC_001806.2_HSV1_s17:116064_A/C"	116064	1	1093	1	999	94	523	476	50	44	1093	91.4	8.6	"minor"	91.4	8.6
"NC_001806.2_HSV1_s17:134022_T/G"	134022	1	181	1	156	25	23	133	6	19	181	86.2	13.8	"minor"	86.2	13.8
"NC_001806.2_HSV1_s17:134029_T/G"	134029	1	1046	1	1012	33	135	877	25	8	1045	96.8	3.2	"minor"	96.8	3.2
"NC_001806.2_HSV1_s17:136801_C/A"	136801	1	2759	1	2170	589	1126	1044	316	273	2759	78.7	21.3	"minor"	78.7	21.3
"NC_001806.2_HSV1_s17:137473_C/G"	137473	1	374	1	206	168	71	135	23	145	374	55.1	44.9	"minor"	55.1	44.9
"NC_001806.2_HSV1_s17:137479_A/G"	137479	1	569	1	533	36	181	352	10	26	569	93.7	6.3	"minor"	93.7	6.3
"NC_001806.2_HSV1_s17:138015_TCCCCC/TTTTC"	138015	1	653	1	151	304	99	52	158	146	455	33.2	66.8	"minor"	66.8	33.2
"NC_001806.2_HSV1_s17:139610_A/C"	139610	1	167	1	129	38	85	44	29	9	167	77.2	22.8	"minor"	77.2	22.8
"NC_001806.2_HSV1_s17:139762_T/C"	139762	1	212	1	202	10	117	85	1	9	212	95.3	4.7	"minor"	95.3	4.7
"NC_001806.2_HSV1_s17:143638_A/C"	143638	1	1450	1	1414	36	239	1175	26	10	1450	97.5	2.5	"minor"	97.5	2.5
"NC_001806.2_HSV1_s17:144831_A/T"	144831	1	83	1	77	6	42	35	3	3	83	92.8	7.2	"minor"	92.8	7.2
"NC_001806.2_HSV1_s17:144843_G/T"	144843	1	367	1	301	66	157	144	32	34	367	82	18	"minor"	82	18
"NC_001806.2_HSV1_s17:145633_G/C"	145633	1	26	1	8	18	4	4	12	6	26	30.8	69.2	"minor"	69.2	30.8
