"position"	"NS"	"Depth"	"Alleles"	"RefCount"	"AltCount"	"SRF"	"SRR"	"SAF"	"SAR"	"Depth2"	"refper"	"altper"	"vartype"	"majorfreq"	"minorfreq"
"NC_001806.2_HSV1_s17:11668_G/C"	11668	1	543	1	466	77	347	119	3	74	543	85.8	14.2	"minor"	85.8	14.2
"NC_001806.2_HSV1_s17:34881_G/A"	34881	1	406	1	48	358	16	32	193	165	406	11.8	88.2	"minor"	88.2	11.8
"NC_001806.2_HSV1_s17:35071_A/C"	35071	1	189	1	113	76	95	18	34	42	189	59.8	40.2	"minor"	59.8	40.2
"NC_001806.2_HSV1_s17:35079_G/C"	35079	1	541	1	526	15	126	400	8	7	541	97.2	2.8	"minor"	97.2	2.8
"NC_001806.2_HSV1_s17:40702_G/C"	40702	1	57	1	49	8	17	32	3	5	57	86	14	"minor"	86	14
"NC_001806.2_HSV1_s17:43741_G/C"	43741	1	305	1	288	17	96	192	11	6	305	94.4	5.6	"minor"	94.4	5.6
"NC_001806.2_HSV1_s17:48722_C/A"	48722	1	97	1	63	32	34	29	14	18	95	66.3	33.7	"minor"	66.3	33.7
"NC_001806.2_HSV1_s17:50772_T/C"	50772	1	217	1	206	11	176	30	5	6	217	94.9	5.1	"minor"	94.9	5.1
"NC_001806.2_HSV1_s17:52969_T/A"	52969	1	104	1	61	43	31	30	24	19	104	58.7	41.3	"minor"	58.7	41.3
"NC_001806.2_HSV1_s17:53073_A/C"	53073	1	253	1	180	73	112	68	38	35	253	71.1	28.9	"minor"	71.1	28.9
"NC_001806.2_HSV1_s17:62152_C/G"	62152	1	355	1	313	42	107	206	30	12	355	88.2	11.8	"minor"	88.2	11.8
"NC_001806.2_HSV1_s17:62218_C/A"	62218	1	64	1	52	12	18	34	9	3	64	81.2	18.8	"minor"	81.2	18.8
"NC_001806.2_HSV1_s17:62223_C/G"	62223	1	542	1	506	36	260	246	6	30	542	93.4	6.6	"minor"	93.4	6.6
"NC_001806.2_HSV1_s17:67987_G/T"	67987	1	622	1	13	609	7	6	252	357	622	2.1	97.9	"minor"	97.9	2.1
"NC_001806.2_HSV1_s17:71622_C/T"	71622	1	39	1	20	19	6	14	7	12	39	51.3	48.7	"minor"	51.3	48.7
"NC_001806.2_HSV1_s17:79425_T/G"	79425	1	68	1	57	11	12	45	1	10	68	83.8	16.2	"minor"	83.8	16.2
"NC_001806.2_HSV1_s17:84288_G/C"	84288	1	120	1	94	26	25	69	18	8	120	78.3	21.7	"minor"	78.3	21.7
"NC_001806.2_HSV1_s17:84485_C/T"	84485	1	31	1	11	20	5	6	11	9	31	35.5	64.5	"minor"	64.5	35.5
"NC_001806.2_HSV1_s17:94620_C/G"	94620	1	138	1	89	49	38	51	29	20	138	64.5	35.5	"minor"	64.5	35.5
"NC_001806.2_HSV1_s17:94624_T/G"	94624	1	495	1	473	22	51	422	8	14	495	95.6	4.4	"minor"	95.6	4.4
"NC_001806.2_HSV1_s17:105181_C/A"	105181	1	1670	1	1625	45	794	831	29	16	1670	97.3	2.7	"minor"	97.3	2.7
"NC_001806.2_HSV1_s17:132675_C/T"	132675	1	663	1	582	81	281	301	32	49	663	87.8	12.2	"minor"	87.8	12.2
"NC_001806.2_HSV1_s17:134241_G/A"	134241	1	48	1	32	16	16	16	4	12	48	66.7	33.3	"minor"	66.7	33.3
"NC_001806.2_HSV1_s17:136992_AGAG/GGAA"	136992	1	1074	1	1021	53	460	561	26	27	1074	95.1	4.9	"minor"	95.1	4.9
"NC_001806.2_HSV1_s17:137004_G/C"	137004	1	776	1	758	17	322	436	8	9	775	97.8	2.2	"minor"	97.8	2.2
"NC_001806.2_HSV1_s17:137013_C/T"	137013	1	520	1	13	507	7	6	223	284	520	2.5	97.5	"minor"	97.5	2.5
"NC_001806.2_HSV1_s17:137026_G/A"	137026	1	529	1	11	518	6	5	233	285	529	2.1	97.9	"minor"	97.9	2.1
"NC_001806.2_HSV1_s17:137070_C/T"	137070	1	349	1	12	337	6	6	154	183	349	3.4	96.6	"minor"	96.6	3.4
"NC_001806.2_HSV1_s17:137138_A/G"	137138	1	454	1	10	443	5	5	192	251	453	2.2	97.8	"minor"	97.8	2.2
"NC_001806.2_HSV1_s17:137474_G/C"	137474	1	65	1	48	17	18	30	10	7	65	73.8	26.2	"minor"	73.8	26.2
"NC_001806.2_HSV1_s17:137588_C/G"	137588	1	148	1	135	13	63	72	10	3	148	91.2	8.8	"minor"	91.2	8.8
"NC_001806.2_HSV1_s17:137593_T/G"	137593	1	715	1	694	21	296	398	9	12	715	97.1	2.9	"minor"	97.1	2.9
"NC_001806.2_HSV1_s17:140898_T/C"	140898	1	507	1	496	11	207	289	6	5	507	97.8	2.2	"minor"	97.8	2.2
"NC_001806.2_HSV1_s17:141064_C/T"	141064	1	152	1	97	55	11	86	43	12	152	63.8	36.2	"minor"	63.8	36.2
"NC_001806.2_HSV1_s17:141900_T/C"	141900	1	276	1	270	6	125	145	3	3	276	97.8	2.2	"minor"	97.8	2.2
"NC_001806.2_HSV1_s17:144843_G/T"	144843	1	294	1	245	49	140	105	19	30	294	83.3	16.7	"minor"	83.3	16.7
