"position"	"NS"	"Depth"	"Alleles"	"RefCount"	"AltCount"	"SRF"	"SRR"	"SAF"	"SAR"	"Depth2"	"refper"	"altper"	"vartype"	"majorfreq"	"minorfreq"
"NC_001806.2_HSV1_s17:18138_G/A"	18138	1	77	1	68	9	42	26	2	7	77	88.3	11.7	"minor"	88.3	11.7
"NC_001806.2_HSV1_s17:20572_G/C"	20572	1	62	1	47	15	16	31	4	11	62	75.8	24.2	"minor"	75.8	24.2
"NC_001806.2_HSV1_s17:24728_C/T"	24728	1	1110	1	1082	28	504	578	10	18	1110	97.5	2.5	"minor"	97.5	2.5
"NC_001806.2_HSV1_s17:34869_A/G"	34869	1	346	1	336	10	237	99	1	9	346	97.1	2.9	"minor"	97.1	2.9
"NC_001806.2_HSV1_s17:36898_C/A"	36898	1	284	1	278	6	123	155	3	3	284	97.9	2.1	"minor"	97.9	2.1
"NC_001806.2_HSV1_s17:43742_G/C"	43742	1	201	1	194	7	76	118	2	5	201	96.5	3.5	"minor"	96.5	3.5
"NC_001806.2_HSV1_s17:45986_G/T"	45986	1	182	1	177	5	106	71	2	3	182	97.3	2.7	"minor"	97.3	2.7
"NC_001806.2_HSV1_s17:50770_T/C"	50770	1	37	1	31	6	17	14	3	3	37	83.8	16.2	"minor"	83.8	16.2
"NC_001806.2_HSV1_s17:52880_T/G"	52880	1	109	1	97	12	67	30	2	10	109	89	11	"minor"	89	11
"NC_001806.2_HSV1_s17:62142_C/G"	62142	1	188	1	177	11	80	97	5	6	188	94.1	5.9	"minor"	94.1	5.9
"NC_001806.2_HSV1_s17:71808_T/C"	71808	1	16	1	8	8	4	4	5	3	16	50	50	"minor"	50	50
"NC_001806.2_HSV1_s17:81684_C/T"	81684	1	437	1	427	9	192	235	4	5	436	97.9	2.1	"minor"	97.9	2.1
"NC_001806.2_HSV1_s17:81953_C/T"	81953	1	184	1	179	5	95	84	2	3	184	97.3	2.7	"minor"	97.3	2.7
"NC_001806.2_HSV1_s17:84485_C/T"	84485	1	30	1	11	19	7	4	10	9	30	36.7	63.3	"minor"	63.3	36.7
"NC_001806.2_HSV1_s17:93739_T/A"	93739	1	1155	1	1047	108	561	486	54	54	1155	90.6	9.4	"minor"	90.6	9.4
"NC_001806.2_HSV1_s17:94696_C/T"	94696	1	1143	1	1068	74	443	625	10	64	1142	93.5	6.5	"minor"	93.5	6.5
"NC_001806.2_HSV1_s17:100228_C/A"	100228	1	351	1	343	8	171	172	4	4	351	97.7	2.3	"minor"	97.7	2.3
"NC_001806.2_HSV1_s17:101941_G/A"	101941	1	275	1	269	6	115	154	3	3	275	97.8	2.2	"minor"	97.8	2.2
"NC_001806.2_HSV1_s17:105181_C/A"	105181	1	1013	1	988	25	475	513	18	7	1013	97.5	2.5	"minor"	97.5	2.5
"NC_001806.2_HSV1_s17:109000_G/A"	109000	1	301	1	270	31	151	119	20	11	301	89.7	10.3	"minor"	89.7	10.3
"NC_001806.2_HSV1_s17:113504_G/C"	113504	1	680	1	659	21	298	361	8	13	680	96.9	3.1	"minor"	96.9	3.1
"NC_001806.2_HSV1_s17:117096_C/A"	117096	1	379	1	371	8	148	223	4	4	379	97.9	2.1	"minor"	97.9	2.1
"NC_001806.2_HSV1_s17:117172_C/T"	117172	1	51	1	42	9	19	23	3	6	51	82.4	17.6	"minor"	82.4	17.6
"NC_001806.2_HSV1_s17:138129_T/G"	138129	1	62	1	40	22	11	29	13	9	62	64.5	35.5	"minor"	64.5	35.5
"NC_001806.2_HSV1_s17:140923_C/T"	140923	1	490	1	477	13	252	225	7	6	490	97.3	2.7	"minor"	97.3	2.7
"NC_001806.2_HSV1_s17:141062_T/C"	141062	1	105	1	80	25	50	30	17	8	105	76.2	23.8	"minor"	76.2	23.8
"NC_001806.2_HSV1_s17:144835_G/T"	144835	1	148	1	68	80	28	40	39	41	148	45.9	54.1	"minor"	54.1	45.9
"NC_001806.2_HSV1_s17:144843_G/T"	144843	1	193	1	143	50	85	58	20	30	193	74.1	25.9	"minor"	74.1	25.9
"NC_001806.2_HSV1_s17:144849_A/G"	144849	1	175	1	28	147	11	17	88	59	175	16	84	"minor"	84	16
"NC_001806.2_HSV1_s17:145590_C/G"	145590	1	674	1	657	17	294	363	9	8	674	97.5	2.5	"minor"	97.5	2.5
