"position"	"NS"	"Depth"	"Alleles"	"RefCount"	"AltCount"	"SRF"	"SRR"	"SAF"	"SAR"	"Depth2"	"refper"	"altper"	"vartype"	"majorfreq"	"minorfreq"
"NC_001806.2_HSV1_s17:10811_C/T"	10811	1	186	1	181	5	87	94	4	1	186	97.3	2.7	"minor"	97.3	2.7
"NC_001806.2_HSV1_s17:10897_C/T"	10897	1	119	1	111	8	52	59	4	4	119	93.3	6.7	"minor"	93.3	6.7
"NC_001806.2_HSV1_s17:14071_G/A"	14071	1	148	1	140	8	71	69	4	4	148	94.6	5.4	"minor"	94.6	5.4
"NC_001806.2_HSV1_s17:17502_G/A"	17502	1	139	1	133	6	65	68	3	3	139	95.7	4.3	"minor"	95.7	4.3
"NC_001806.2_HSV1_s17:24454_C/T"	24454	1	103	1	98	5	58	40	3	2	103	95.1	4.9	"minor"	95.1	4.9
"NC_001806.2_HSV1_s17:24719_C/T"	24719	1	74	1	66	8	26	40	6	2	74	89.2	10.8	"minor"	89.2	10.8
"NC_001806.2_HSV1_s17:25771_A/T"	25771	1	70	1	64	6	29	35	3	3	70	91.4	8.6	"minor"	91.4	8.6
"NC_001806.2_HSV1_s17:34134_C/T"	34134	1	64	1	58	6	31	27	3	3	64	90.6	9.4	"minor"	90.6	9.4
"NC_001806.2_HSV1_s17:34820_C/T"	34820	1	99	1	91	8	58	33	4	4	99	91.9	8.1	"minor"	91.9	8.1
"NC_001806.2_HSV1_s17:37673_C/T"	37673	1	65	1	59	6	30	29	3	3	65	90.8	9.2	"minor"	90.8	9.2
"NC_001806.2_HSV1_s17:37748_T/A"	37748	1	50	1	44	6	23	21	4	2	50	88	12	"minor"	88	12
"NC_001806.2_HSV1_s17:41221_CC/TT"	41221	1	212	1	206	6	102	104	3	3	212	97.2	2.8	"minor"	97.2	2.8
"NC_001806.2_HSV1_s17:46320_C/T"	46320	1	118	1	112	6	60	52	3	3	118	94.9	5.1	"minor"	94.9	5.1
"NC_001806.2_HSV1_s17:73631_C/T"	73631	1	38	1	30	8	17	13	5	3	38	78.9	21.1	"minor"	78.9	21.1
"NC_001806.2_HSV1_s17:77115_C/T"	77115	1	282	1	276	6	124	152	3	3	282	97.9	2.1	"minor"	97.9	2.1
"NC_001806.2_HSV1_s17:90219_G/A"	90219	1	78	1	72	6	33	39	3	3	78	92.3	7.7	"minor"	92.3	7.7
"NC_001806.2_HSV1_s17:93918_C/T"	93918	1	45	1	39	6	18	21	3	3	45	86.7	13.3	"minor"	86.7	13.3
"NC_001806.2_HSV1_s17:94696_C/T"	94696	1	107	1	98	9	47	51	1	8	107	91.6	8.4	"minor"	91.6	8.4
"NC_001806.2_HSV1_s17:99102_C/T"	99102	1	117	1	111	6	57	54	3	3	117	94.9	5.1	"minor"	94.9	5.1
"NC_001806.2_HSV1_s17:99880_C/T"	99880	1	61	1	55	6	29	26	3	3	61	90.2	9.8	"minor"	90.2	9.8
"NC_001806.2_HSV1_s17:103477_C/T"	103477	1	251	1	245	6	124	121	3	3	251	97.6	2.4	"minor"	97.6	2.4
"NC_001806.2_HSV1_s17:103937_C/T"	103937	1	52	1	46	6	24	22	3	3	52	88.5	11.5	"minor"	88.5	11.5
"NC_001806.2_HSV1_s17:136979_T/A"	136979	1	153	1	144	7	71	73	3	4	151	95.4	4.6	"minor"	95.4	4.6
"NC_001806.2_HSV1_s17:137003_G/A"	137003	1	261	1	243	18	120	123	13	5	261	93.1	6.9	"minor"	93.1	6.9
"NC_001806.2_HSV1_s17:137004_G/C"	137004	1	118	1	107	10	58	49	5	5	117	91.5	8.5	"minor"	91.5	8.5
"NC_001806.2_HSV1_s17:138897_C/T"	138897	1	121	1	115	6	59	56	3	3	121	95	5	"minor"	95	5
