"position"	"NS"	"Depth"	"Alleles"	"RefCount"	"AltCount"	"SRF"	"SRR"	"SAF"	"SAR"	"Depth2"	"refper"	"altper"	"vartype"	"majorfreq"	"minorfreq"
"NC_001806.2_HSV1_s17:11774_G/A"	11774	1	43	1	37	6	11	26	1	5	43	86	14	"minor"	86	14
"NC_001806.2_HSV1_s17:18138_G/A"	18138	1	74	1	67	7	28	39	2	5	74	90.5	9.5	"minor"	90.5	9.5
"NC_001806.2_HSV1_s17:24721_C/T"	24721	1	154	1	149	5	85	64	3	2	154	96.8	3.2	"minor"	96.8	3.2
"NC_001806.2_HSV1_s17:24727_C/T"	24727	1	1175	1	1148	25	529	619	21	4	1173	97.9	2.1	"minor"	97.9	2.1
"NC_001806.2_HSV1_s17:35071_A/C"	35071	1	236	1	25	211	11	14	34	177	236	10.6	89.4	"minor"	89.4	10.6
"NC_001806.2_HSV1_s17:40805_C/G"	40805	1	322	1	315	7	170	145	2	5	322	97.8	2.2	"minor"	97.8	2.2
"NC_001806.2_HSV1_s17:43743_G/C"	43743	1	230	1	222	8	75	147	4	4	230	96.5	3.5	"minor"	96.5	3.5
"NC_001806.2_HSV1_s17:49176_T/G"	49176	1	41	1	33	8	7	26	3	5	41	80.5	19.5	"minor"	80.5	19.5
"NC_001806.2_HSV1_s17:62152_C/G"	62152	1	162	1	152	10	43	109	5	5	162	93.8	6.2	"minor"	93.8	6.2
"NC_001806.2_HSV1_s17:62435_A/G"	62435	1	163	1	154	9	41	113	4	5	163	94.5	5.5	"minor"	94.5	5.5
"NC_001806.2_HSV1_s17:62756_T/C"	62756	1	64	1	50	14	36	14	6	8	64	78.1	21.9	"minor"	78.1	21.9
"NC_001806.2_HSV1_s17:62763_T/C"	62763	1	404	1	393	11	200	193	6	5	404	97.3	2.7	"minor"	97.3	2.7
"NC_001806.2_HSV1_s17:79425_T/G"	79425	1	44	1	34	10	7	27	3	7	44	77.3	22.7	"minor"	77.3	22.7
"NC_001806.2_HSV1_s17:80516_C/G"	80516	1	102	1	78	24	22	56	17	7	102	76.5	23.5	"minor"	76.5	23.5
"NC_001806.2_HSV1_s17:80521_T/G"	80521	1	352	1	336	16	109	227	5	11	352	95.5	4.5	"minor"	95.5	4.5
"NC_001806.2_HSV1_s17:80651_GCCC/CCCA"	80651	1	346	1	14	319	10	4	59	260	333	4.2	95.8	"minor"	95.8	4.2
"NC_001806.2_HSV1_s17:84288_G/C"	84288	1	96	1	65	31	19	46	18	13	96	67.7	32.3	"minor"	67.7	32.3
"NC_001806.2_HSV1_s17:94051_C/T"	94051	1	1006	1	985	21	39	946	20	1	1006	97.9	2.1	"minor"	97.9	2.1
"NC_001806.2_HSV1_s17:94620_C/G"	94620	1	130	1	99	31	30	69	19	12	130	76.2	23.8	"minor"	76.2	23.8
"NC_001806.2_HSV1_s17:94624_T/G"	94624	1	379	1	353	26	31	322	12	14	379	93.1	6.9	"minor"	93.1	6.9
"NC_001806.2_HSV1_s17:103480_T/C"	103480	1	135	1	81	54	45	36	30	24	135	60	40	"minor"	60	40
"NC_001806.2_HSV1_s17:105181_C/A"	105181	1	1374	1	1333	41	633	700	28	13	1374	97	3	"minor"	97	3
"NC_001806.2_HSV1_s17:116087_C/A"	116087	1	128	1	119	9	60	59	8	1	128	93	7	"minor"	93	7
"NC_001806.2_HSV1_s17:139610_A/C"	139610	1	113	1	88	25	48	40	18	7	113	77.9	22.1	"minor"	77.9	22.1
"NC_001806.2_HSV1_s17:139618_T/C"	139618	1	610	1	582	28	268	314	16	12	610	95.4	4.6	"minor"	95.4	4.6
"NC_001806.2_HSV1_s17:145264_G/C"	145264	1	104	1	86	18	38	48	13	5	104	82.7	17.3	"minor"	82.7	17.3
"NC_001806.2_HSV1_s17:145592_C/G"	145592	1	631	1	616	14	275	341	4	10	630	97.8	2.2	"minor"	97.8	2.2
