"position"	"NS"	"Depth"	"Alleles"	"RefCount"	"AltCount"	"SRF"	"SRR"	"SAF"	"SAR"	"Depth2"	"refper"	"altper"	"vartype"	"majorfreq"	"minorfreq"
"NC_001806.2_HSV1_s17:9647_T/C"	9647	1	2166	1	189	1977	188	1	90	1887	2166	8.7	91.3	"minor"	91.3	8.7
"NC_001806.2_HSV1_s17:11668_G/C"	11668	1	1067	1	884	183	754	130	2	181	1067	82.8	17.2	"minor"	82.8	17.2
"NC_001806.2_HSV1_s17:11772_A/G"	11772	1	640	1	612	28	354	258	6	22	640	95.6	4.4	"minor"	95.6	4.4
"NC_001806.2_HSV1_s17:20573_G/C"	20573	1	198	1	185	13	52	133	4	9	198	93.4	6.6	"minor"	93.4	6.6
"NC_001806.2_HSV1_s17:28939_G/C"	28939	1	224	1	169	55	64	105	31	24	224	75.4	24.6	"minor"	75.4	24.6
"NC_001806.2_HSV1_s17:34870_G/A"	34870	1	748	1	726	22	292	434	8	14	748	97.1	2.9	"minor"	97.1	2.9
"NC_001806.2_HSV1_s17:35071_A/C"	35071	1	113	1	53	60	51	2	39	21	113	46.9	53.1	"minor"	53.1	46.9
"NC_001806.2_HSV1_s17:35079_G/C"	35079	1	1303	1	1229	74	200	1029	58	16	1303	94.3	5.7	"minor"	94.3	5.7
"NC_001806.2_HSV1_s17:36333_A/G"	36333	1	38	1	20	18	14	6	11	7	38	52.6	47.4	"minor"	52.6	47.4
"NC_001806.2_HSV1_s17:43743_G/C"	43743	1	546	1	506	39	198	308	18	21	545	92.8	7.2	"minor"	92.8	7.2
"NC_001806.2_HSV1_s17:48722_C/A"	48722	1	202	1	168	31	106	62	13	18	199	84.4	15.6	"minor"	84.4	15.6
"NC_001806.2_HSV1_s17:50752_C/G"	50752	1	75	1	59	16	19	40	10	6	75	78.7	21.3	"minor"	78.7	21.3
"NC_001806.2_HSV1_s17:52809_C/T"	52809	1	241	1	226	15	126	100	2	13	241	93.8	6.2	"minor"	93.8	6.2
"NC_001806.2_HSV1_s17:52969_T/A"	52969	1	140	1	116	24	37	79	9	15	140	82.9	17.1	"minor"	82.9	17.1
"NC_001806.2_HSV1_s17:53073_A/C"	53073	1	287	1	126	161	107	19	80	81	287	43.9	56.1	"minor"	56.1	43.9
"NC_001806.2_HSV1_s17:62152_C/G"	62152	1	274	1	243	31	81	162	21	10	274	88.7	11.3	"minor"	88.7	11.3
"NC_001806.2_HSV1_s17:62218_C/A"	62218	1	41	1	30	11	11	19	4	7	41	73.2	26.8	"minor"	73.2	26.8
"NC_001806.2_HSV1_s17:62751_T/C"	62751	1	100	1	59	41	37	22	30	11	100	59	41	"minor"	59	41
"NC_001806.2_HSV1_s17:80649_C/G"	80649	1	203	1	189	11	99	90	2	9	200	94.5	5.5	"minor"	94.5	5.5
"NC_001806.2_HSV1_s17:84486_C/T"	84486	1	1251	1	1192	59	525	667	27	32	1251	95.3	4.7	"minor"	95.3	4.7
"NC_001806.2_HSV1_s17:94051_C/T"	94051	1	2324	1	2264	57	99	2165	56	1	2321	97.5	2.5	"minor"	97.5	2.5
"NC_001806.2_HSV1_s17:94696_C/T"	94696	1	3225	1	3151	70	1320	1831	24	46	3221	97.8	2.2	"minor"	97.8	2.2
"NC_001806.2_HSV1_s17:98637_T/G"	98637	1	493	1	466	27	273	193	14	13	493	94.5	5.5	"minor"	94.5	5.5
"NC_001806.2_HSV1_s17:98645_T/G"	98645	1	1892	1	1849	43	459	1390	31	12	1892	97.7	2.3	"minor"	97.7	2.3
"NC_001806.2_HSV1_s17:103480_T/C"	103480	1	449	1	333	116	243	90	75	41	449	74.2	25.8	"minor"	74.2	25.8
"NC_001806.2_HSV1_s17:103515_G/T"	103515	1	715	1	678	37	330	348	1	36	715	94.8	5.2	"minor"	94.8	5.2
"NC_001806.2_HSV1_s17:105176_G/A"	105176	1	227	1	215	12	108	107	5	7	227	94.7	5.3	"minor"	94.7	5.3
"NC_001806.2_HSV1_s17:105181_C/A"	105181	1	2578	1	2516	60	1188	1328	58	2	2576	97.7	2.3	"minor"	97.7	2.3
"NC_001806.2_HSV1_s17:116085_A/C"	116085	1	464	1	329	135	261	68	36	99	464	70.9	29.1	"minor"	70.9	29.1
"NC_001806.2_HSV1_s17:116094_A/C"	116094	1	4369	1	4159	210	1417	2742	74	136	4369	95.2	4.8	"minor"	95.2	4.8
"NC_001806.2_HSV1_s17:134241_G/A"	134241	1	66	1	32	34	10	22	14	20	66	48.5	51.5	"minor"	51.5	48.5
"NC_001806.2_HSV1_s17:137474_G/C"	137474	1	194	1	153	39	67	86	18	21	192	79.7	20.3	"minor"	79.7	20.3
"NC_001806.2_HSV1_s17:137588_C/G"	137588	1	285	1	256	29	110	146	15	14	285	89.8	10.2	"minor"	89.8	10.2
"NC_001806.2_HSV1_s17:138015_TCCC/TTCC"	138015	1	406	1	39	319	6	33	239	80	358	10.9	89.1	"minor"	89.1	10.9
"NC_001806.2_HSV1_s17:139762_T/C"	139762	1	364	1	340	24	189	151	10	14	364	93.4	6.6	"minor"	93.4	6.6
"NC_001806.2_HSV1_s17:140450_TCCCCGCT/CCTCCACC"	140450	1	1270	1	28	1216	9	19	566	650	1244	2.3	97.7	"minor"	97.7	2.3
"NC_001806.2_HSV1_s17:141062_T/C"	141062	1	238	1	80	158	51	29	108	50	238	33.6	66.4	"minor"	66.4	33.6
"NC_001806.2_HSV1_s17:144843_G/T"	144843	1	595	1	489	106	292	197	48	58	595	82.2	17.8	"minor"	82.2	17.8
