"position"	"NS"	"Depth"	"Alleles"	"RefCount"	"AltCount"	"SRF"	"SRR"	"SAF"	"SAR"	"Depth2"	"refper"	"altper"	"vartype"	"majorfreq"	"minorfreq"
"NC_001806.2_HSV1_s17:19482_G/C"	19482	1	187	1	181	6	112	69	3	3	187	96.8	3.2	"minor"	96.8	3.2
"NC_001806.2_HSV1_s17:20299_A/T"	20299	1	578	1	564	14	374	190	7	7	578	97.6	2.4	"minor"	97.6	2.4
"NC_001806.2_HSV1_s17:20952_T/C"	20952	1	767	1	745	22	415	330	11	11	767	97.1	2.9	"minor"	97.1	2.9
"NC_001806.2_HSV1_s17:24719_C/G"	24719	1	254	1	245	8	139	106	4	4	253	96.8	3.2	"minor"	96.8	3.2
"NC_001806.2_HSV1_s17:34872_G/A"	34872	1	219	1	184	35	53	131	33	2	219	84	16	"minor"	84	16
"NC_001806.2_HSV1_s17:62152_C/G"	62152	1	149	1	109	40	33	76	24	16	149	73.2	26.8	"minor"	73.2	26.8
"NC_001806.2_HSV1_s17:68326_C/A"	68326	1	639	1	625	14	272	353	7	7	639	97.8	2.2	"minor"	97.8	2.2
"NC_001806.2_HSV1_s17:71808_T/C"	71808	1	31	1	11	20	5	6	12	8	31	35.5	64.5	"minor"	64.5	35.5
"NC_001806.2_HSV1_s17:74258_C/A"	74258	1	1089	1	1065	24	532	533	12	12	1089	97.8	2.2	"minor"	97.8	2.2
"NC_001806.2_HSV1_s17:75644_C/T"	75644	1	322	1	315	7	146	169	3	4	322	97.8	2.2	"minor"	97.8	2.2
"NC_001806.2_HSV1_s17:79425_T/G"	79425	1	57	1	45	12	5	40	1	11	57	78.9	21.1	"minor"	78.9	21.1
"NC_001806.2_HSV1_s17:80647_C/G"	80647	1	17	1	11	6	6	5	1	5	17	64.7	35.3	"minor"	64.7	35.3
"NC_001806.2_HSV1_s17:84921_C/T"	84921	1	908	1	883	25	369	514	12	13	908	97.2	2.8	"minor"	97.2	2.8
"NC_001806.2_HSV1_s17:94696_C/T"	94696	1	1695	1	1542	153	576	966	64	89	1695	91	9	"minor"	91	9
"NC_001806.2_HSV1_s17:95255_C/A"	95255	1	455	1	431	24	212	219	12	12	455	94.7	5.3	"minor"	94.7	5.3
"NC_001806.2_HSV1_s17:102835_C/T"	102835	1	416	1	407	9	143	264	3	6	416	97.8	2.2	"minor"	97.8	2.2
"NC_001806.2_HSV1_s17:105181_C/A"	105181	1	1946	1	1884	62	914	970	42	20	1946	96.8	3.2	"minor"	96.8	3.2
"NC_001806.2_HSV1_s17:105533_C/T"	105533	1	1641	1	1607	34	837	770	29	5	1641	97.9	2.1	"minor"	97.9	2.1
"NC_001806.2_HSV1_s17:116085_A/C"	116085	1	526	1	491	35	402	89	9	26	526	93.3	6.7	"minor"	93.3	6.7
"NC_001806.2_HSV1_s17:134103_C/T"	134103	1	1744	1	1701	43	834	867	20	23	1744	97.5	2.5	"minor"	97.5	2.5
"NC_001806.2_HSV1_s17:141060_T/C"	141060	1	422	1	412	10	232	180	5	5	422	97.6	2.4	"minor"	97.6	2.4
"NC_001806.2_HSV1_s17:141062_T/C"	141062	1	74	1	16	58	8	8	35	23	74	21.6	78.4	"minor"	78.4	21.6
"NC_001806.2_HSV1_s17:141803_A/G"	141803	1	390	1	370	20	168	202	5	15	390	94.9	5.1	"minor"	94.9	5.1
