"position"	"NS"	"Depth"	"Alleles"	"RefCount"	"AltCount"	"SRF"	"SRR"	"SAF"	"SAR"	"Depth2"	"refper"	"altper"	"vartype"	"majorfreq"	"minorfreq"
"NC_001806.2_HSV1_s17:10873_T/G"	10873	1	1820	1	1753	65	976	777	29	36	1818	96.4	3.6	"minor"	96.4	3.6
"NC_001806.2_HSV1_s17:11668_G/C"	11668	1	1646	1	1469	177	806	663	10	167	1646	89.2	10.8	"minor"	89.2	10.8
"NC_001806.2_HSV1_s17:11679_A/C"	11679	1	252	1	229	22	75	154	12	10	251	91.2	8.8	"minor"	91.2	8.8
"NC_001806.2_HSV1_s17:18105_G/C"	18105	1	7154	1	6952	202	3303	3649	92	110	7154	97.2	2.8	"minor"	97.2	2.8
"NC_001806.2_HSV1_s17:20572_G/C"	20572	1	391	1	353	38	111	242	10	28	391	90.3	9.7	"minor"	90.3	9.7
"NC_001806.2_HSV1_s17:29086_A/G"	29086	1	1742	1	144	1598	79	65	816	782	1742	8.3	91.7	"minor"	91.7	8.3
"NC_001806.2_HSV1_s17:29569_C/A"	29569	1	2571	1	2449	120	1242	1207	63	57	2569	95.3	4.7	"minor"	95.3	4.7
"NC_001806.2_HSV1_s17:30107_A/C"	30107	1	117	1	104	13	10	94	10	3	117	88.9	11.1	"minor"	88.9	11.1
"NC_001806.2_HSV1_s17:30141_G/A"	30141	1	726	1	323	403	202	121	248	155	726	44.5	55.5	"minor"	55.5	44.5
"NC_001806.2_HSV1_s17:30183_G/A"	30183	1	1504	1	725	779	410	315	428	351	1504	48.2	51.8	"minor"	51.8	48.2
"NC_001806.2_HSV1_s17:30425_G/A"	30425	1	2249	1	2125	123	1006	1119	67	56	2248	94.5	5.5	"minor"	94.5	5.5
"NC_001806.2_HSV1_s17:30720_A/C"	30720	1	757	1	57	700	26	31	369	331	757	7.5	92.5	"minor"	92.5	7.5
"NC_001806.2_HSV1_s17:30721_G/A"	30721	1	777	1	721	56	381	340	32	24	777	92.8	7.2	"minor"	92.8	7.2
"NC_001806.2_HSV1_s17:30904_C/A"	30904	1	1159	1	608	551	327	281	280	271	1159	52.5	47.5	"minor"	52.5	47.5
"NC_001806.2_HSV1_s17:30967_G/A"	30967	1	1348	1	767	581	385	382	286	295	1348	56.9	43.1	"minor"	56.9	43.1
"NC_001806.2_HSV1_s17:34869_A/G"	34869	1	173	1	165	8	163	2	1	7	173	95.4	4.6	"minor"	95.4	4.6
"NC_001806.2_HSV1_s17:34881_G/A"	34881	1	376	1	212	164	100	112	88	76	376	56.4	43.6	"minor"	56.4	43.6
"NC_001806.2_HSV1_s17:34882_A/G"	34882	1	265	1	259	6	156	103	3	3	265	97.7	2.3	"minor"	97.7	2.3
"NC_001806.2_HSV1_s17:36834_G/A"	36834	1	1425	1	1330	95	599	731	52	43	1425	93.3	6.7	"minor"	93.3	6.7
"NC_001806.2_HSV1_s17:36984_G/A"	36984	1	709	1	663	46	358	305	32	14	709	93.5	6.5	"minor"	93.5	6.5
"NC_001806.2_HSV1_s17:37281_G/A"	37281	1	799	1	554	245	300	254	151	94	799	69.3	30.7	"minor"	69.3	30.7
"NC_001806.2_HSV1_s17:37770_G/T"	37770	1	1456	1	1020	436	480	540	192	244	1456	70.1	29.9	"minor"	70.1	29.9
"NC_001806.2_HSV1_s17:37866_C/A"	37866	1	602	1	435	167	147	288	69	98	602	72.3	27.7	"minor"	72.3	27.7
"NC_001806.2_HSV1_s17:38232_C/T"	38232	1	668	1	479	189	220	259	78	111	668	71.7	28.3	"minor"	71.7	28.3
"NC_001806.2_HSV1_s17:38391_C/T"	38391	1	681	1	508	173	268	240	79	94	681	74.6	25.4	"minor"	74.6	25.4
"NC_001806.2_HSV1_s17:38673_G/T"	38673	1	607	1	397	210	143	254	67	143	607	65.4	34.6	"minor"	65.4	34.6
"NC_001806.2_HSV1_s17:39504_C/T"	39504	1	1391	1	1224	167	580	644	74	93	1391	88	12	"minor"	88	12
"NC_001806.2_HSV1_s17:39714_C/A"	39714	1	410	1	318	92	173	145	65	27	410	77.6	22.4	"minor"	77.6	22.4
"NC_001806.2_HSV1_s17:39935_A/G"	39935	1	1386	1	190	1196	98	92	589	607	1386	13.7	86.3	"minor"	86.3	13.7
"NC_001806.2_HSV1_s17:40005_C/T"	40005	1	1257	1	1061	196	556	505	110	86	1257	84.4	15.6	"minor"	84.4	15.6
"NC_001806.2_HSV1_s17:40183_G/A"	40183	1	2088	1	1479	609	755	724	316	293	2088	70.8	29.2	"minor"	70.8	29.2
"NC_001806.2_HSV1_s17:40521_A/G"	40521	1	1005	1	240	765	123	117	319	446	1005	23.9	76.1	"minor"	76.1	23.9
"NC_001806.2_HSV1_s17:40709_A/G"	40709	1	165	1	134	31	45	89	17	14	165	81.2	18.8	"minor"	81.2	18.8
"NC_001806.2_HSV1_s17:40977_C/T"	40977	1	1460	1	1235	225	642	593	40	185	1460	84.6	15.4	"minor"	84.6	15.4
"NC_001806.2_HSV1_s17:41159_C/T"	41159	1	2854	1	2040	813	1107	933	445	368	2853	71.5	28.5	"minor"	71.5	28.5
"NC_001806.2_HSV1_s17:41406_C/T"	41406	1	3788	1	3068	720	1427	1641	295	425	3788	81	19	"minor"	81	19
"NC_001806.2_HSV1_s17:41430_G/A"	41430	1	2778	1	2210	568	1061	1149	245	323	2778	79.6	20.4	"minor"	79.6	20.4
"NC_001806.2_HSV1_s17:41767_A/G"	41767	1	594	1	502	92	201	301	44	48	594	84.5	15.5	"minor"	84.5	15.5
"NC_001806.2_HSV1_s17:41810_C/T"	41810	1	3301	1	2232	1068	1047	1185	504	564	3300	67.6	32.4	"minor"	67.6	32.4
"NC_001806.2_HSV1_s17:41937_G/C"	41937	1	6931	1	4330	2601	2302	2028	1439	1162	6931	62.5	37.5	"minor"	62.5	37.5
"NC_001806.2_HSV1_s17:41978_A/G"	41978	1	4091	1	1083	3008	633	450	1559	1449	4091	26.5	73.5	"minor"	73.5	26.5
"NC_001806.2_HSV1_s17:41990_C/T"	41990	1	5667	1	4709	957	2386	2323	487	470	5666	83.1	16.9	"minor"	83.1	16.9
"NC_001806.2_HSV1_s17:42305_G/A"	42305	1	5640	1	4754	885	2486	2268	486	399	5639	84.3	15.7	"minor"	84.3	15.7
"NC_001806.2_HSV1_s17:42417_C/T"	42417	1	5035	1	3693	1342	1821	1872	631	711	5035	73.3	26.7	"minor"	73.3	26.7
"NC_001806.2_HSV1_s17:42500_G/A"	42500	1	6101	1	5156	943	2457	2699	426	517	6099	84.5	15.5	"minor"	84.5	15.5
"NC_001806.2_HSV1_s17:42678_C/A"	42678	1	1409	1	1250	159	466	784	67	92	1409	88.7	11.3	"minor"	88.7	11.3
"NC_001806.2_HSV1_s17:42875_G/A"	42875	1	870	1	756	114	380	376	65	49	870	86.9	13.1	"minor"	86.9	13.1
"NC_001806.2_HSV1_s17:43022_T/G"	43022	1	852	1	285	567	128	157	320	247	852	33.5	66.5	"minor"	66.5	33.5
"NC_001806.2_HSV1_s17:43263_CTGT/TTGG"	43263	1	4244	1	3236	996	1651	1585	484	512	4232	76.5	23.5	"minor"	76.5	23.5
"NC_001806.2_HSV1_s17:43430_C/T"	43430	1	1958	1	1695	263	717	978	112	151	1958	86.6	13.4	"minor"	86.6	13.4
"NC_001806.2_HSV1_s17:43464_A/G"	43464	1	912	1	217	695	112	105	269	426	912	23.8	76.2	"minor"	76.2	23.8
"NC_001806.2_HSV1_s17:43679_GTAAA/ATAAC"	43679	1	927	1	845	81	359	486	62	19	926	91.3	8.7	"minor"	91.3	8.7
"NC_001806.2_HSV1_s17:43751_G/A"	43751	1	1505	1	1284	221	715	569	91	130	1505	85.3	14.7	"minor"	85.3	14.7
"NC_001806.2_HSV1_s17:43759_G/A"	43759	1	1612	1	1252	360	637	615	240	120	1612	77.7	22.3	"minor"	77.7	22.3
"NC_001806.2_HSV1_s17:44974_G/A"	44974	1	2078	1	1922	156	993	929	83	73	2078	92.5	7.5	"minor"	92.5	7.5
"NC_001806.2_HSV1_s17:45533_A/G"	45533	1	1105	1	338	767	318	20	449	318	1105	30.6	69.4	"minor"	69.4	30.6
"NC_001806.2_HSV1_s17:45936_C/T"	45936	1	687	1	507	180	253	254	5	175	687	73.8	26.2	"minor"	73.8	26.2
"NC_001806.2_HSV1_s17:45972_A/C"	45972	1	699	1	39	660	33	6	323	337	699	5.6	94.4	"minor"	94.4	5.6
"NC_001806.2_HSV1_s17:46004_G/A"	46004	1	644	1	491	153	270	221	93	60	644	76.2	23.8	"minor"	76.2	23.8
"NC_001806.2_HSV1_s17:46029_G/T"	46029	1	975	1	907	68	476	431	13	55	975	93	7	"minor"	93	7
"NC_001806.2_HSV1_s17:46056_G/A"	46056	1	1178	1	797	381	463	334	199	182	1178	67.7	32.3	"minor"	67.7	32.3
"NC_001806.2_HSV1_s17:46350_T/G"	46350	1	6471	1	862	5607	434	428	2831	2776	6469	13.3	86.7	"minor"	86.7	13.3
"NC_001806.2_HSV1_s17:46482_T/G"	46482	1	1534	1	391	1140	31	360	538	602	1531	25.5	74.5	"minor"	74.5	25.5
"NC_001806.2_HSV1_s17:52991_C/A"	52991	1	470	1	451	19	239	212	2	17	470	96	4	"minor"	96	4
"NC_001806.2_HSV1_s17:53002_A/C"	53002	1	1115	1	1071	42	527	544	28	14	1113	96.2	3.8	"minor"	96.2	3.8
"NC_001806.2_HSV1_s17:58255_C/A"	58255	1	550	1	368	182	235	133	124	58	550	66.9	33.1	"minor"	66.9	33.1
"NC_001806.2_HSV1_s17:58298_A/G"	58298	1	1476	1	561	915	298	263	487	428	1476	38	62	"minor"	62	38
"NC_001806.2_HSV1_s17:58737_C/T"	58737	1	1748	1	1165	583	562	603	253	330	1748	66.6	33.4	"minor"	66.6	33.4
"NC_001806.2_HSV1_s17:58812_C/T"	58812	1	1379	1	855	524	379	476	242	282	1379	62	38	"minor"	62	38
"NC_001806.2_HSV1_s17:60012_G/A"	60012	1	1126	1	714	412	383	331	236	176	1126	63.4	36.6	"minor"	63.4	36.6
"NC_001806.2_HSV1_s17:60060_C/T"	60060	1	1411	1	905	506	517	388	319	187	1411	64.1	35.9	"minor"	64.1	35.9
"NC_001806.2_HSV1_s17:61608_G/A"	61608	1	1439	1	1009	430	439	570	251	179	1439	70.1	29.9	"minor"	70.1	29.9
"NC_001806.2_HSV1_s17:62152_C/G"	62152	1	211	1	191	20	118	73	10	10	211	90.5	9.5	"minor"	90.5	9.5
"NC_001806.2_HSV1_s17:62276_G/A"	62276	1	2703	1	2504	199	1360	1144	112	87	2703	92.6	7.4	"minor"	92.6	7.4
"NC_001806.2_HSV1_s17:62751_T/C"	62751	1	239	1	209	30	103	106	22	8	239	87.4	12.6	"minor"	87.4	12.6
"NC_001806.2_HSV1_s17:62753_T/C"	62753	1	726	1	709	17	362	347	7	10	726	97.7	2.3	"minor"	97.7	2.3
"NC_001806.2_HSV1_s17:62762_C/T"	62762	1	910	1	503	407	258	245	215	192	910	55.3	44.7	"minor"	55.3	44.7
"NC_001806.2_HSV1_s17:62923_T/C"	62923	1	1072	1	371	701	164	207	376	325	1072	34.6	65.4	"minor"	65.4	34.6
"NC_001806.2_HSV1_s17:62938_T/C"	62938	1	1247	1	486	761	239	247	408	353	1247	39	61	"minor"	61	39
"NC_001806.2_HSV1_s17:64080_A/C"	64080	1	4680	1	391	4288	237	154	2333	1955	4679	8.4	91.6	"minor"	91.6	8.4
"NC_001806.2_HSV1_s17:64240_G/A"	64240	1	3237	1	2073	1163	1069	1004	660	503	3236	64.1	35.9	"minor"	64.1	35.9
"NC_001806.2_HSV1_s17:64645_C/T"	64645	1	2081	1	1375	706	571	804	296	410	2081	66.1	33.9	"minor"	66.1	33.9
"NC_001806.2_HSV1_s17:65257_G/T"	65257	1	871	1	543	328	290	253	137	191	871	62.3	37.7	"minor"	62.3	37.7
"NC_001806.2_HSV1_s17:65905_C/T"	65905	1	2719	1	2529	190	1403	1126	102	88	2719	93	7	"minor"	93	7
"NC_001806.2_HSV1_s17:65995_GCAG/ACAA"	65995	1	1980	1	1849	130	840	1009	59	71	1979	93.4	6.6	"minor"	93.4	6.6
"NC_001806.2_HSV1_s17:66101_G/A"	66101	1	286	1	243	42	93	150	34	8	285	85.3	14.7	"minor"	85.3	14.7
"NC_001806.2_HSV1_s17:66144_C/G"	66144	1	575	1	128	447	79	49	275	172	575	22.3	77.7	"minor"	77.7	22.3
"NC_001806.2_HSV1_s17:66177_C/A"	66177	1	437	1	259	178	170	89	128	50	437	59.3	40.7	"minor"	59.3	40.7
"NC_001806.2_HSV1_s17:66197_G/T"	66197	1	475	1	388	86	245	143	43	43	474	81.9	18.1	"minor"	81.9	18.1
"NC_001806.2_HSV1_s17:66313_G/T"	66313	1	4418	1	4130	288	2243	1887	139	149	4418	93.5	6.5	"minor"	93.5	6.5
"NC_001806.2_HSV1_s17:66834_T/C"	66834	1	2023	1	143	1880	56	87	940	940	2023	7.1	92.9	"minor"	92.9	7.1
"NC_001806.2_HSV1_s17:67744_C/T"	67744	1	2174	1	2068	106	1094	974	28	78	2174	95.1	4.9	"minor"	95.1	4.9
"NC_001806.2_HSV1_s17:67987_G/T"	67987	1	1029	1	629	400	265	364	178	222	1029	61.1	38.9	"minor"	61.1	38.9
"NC_001806.2_HSV1_s17:68368_G/A"	68368	1	836	1	784	52	417	367	41	11	836	93.8	6.2	"minor"	93.8	6.2
"NC_001806.2_HSV1_s17:68931_A/T"	68931	1	80	1	47	33	28	19	18	15	80	58.8	41.2	"minor"	58.8	41.2
"NC_001806.2_HSV1_s17:69025_G/T"	69025	1	1476	1	1357	119	690	667	50	69	1476	91.9	8.1	"minor"	91.9	8.1
"NC_001806.2_HSV1_s17:69797_T/C"	69797	1	5105	1	364	4740	69	295	2200	2540	5104	7.1	92.9	"minor"	92.9	7.1
"NC_001806.2_HSV1_s17:69893_A/C"	69893	1	6782	1	617	6165	312	305	3057	3108	6782	9.1	90.9	"minor"	90.9	9.1
"NC_001806.2_HSV1_s17:70374_A/T"	70374	1	283	1	126	157	73	53	70	87	283	44.5	55.5	"minor"	55.5	44.5
"NC_001806.2_HSV1_s17:70708_G/A"	70708	1	1946	1	1479	467	729	750	247	220	1946	76	24	"minor"	76	24
"NC_001806.2_HSV1_s17:71015_T/G"	71015	1	5950	1	666	5282	304	362	2636	2646	5948	11.2	88.8	"minor"	88.8	11.2
"NC_001806.2_HSV1_s17:71311_G/A"	71311	1	3230	1	2439	789	1060	1379	301	488	3228	75.6	24.4	"minor"	75.6	24.4
"NC_001806.2_HSV1_s17:71374_G/A"	71374	1	3066	1	2271	794	1010	1261	404	390	3065	74.1	25.9	"minor"	74.1	25.9
"NC_001806.2_HSV1_s17:71448_G/A"	71448	1	2721	1	1937	784	896	1041	295	489	2721	71.2	28.8	"minor"	71.2	28.8
"NC_001806.2_HSV1_s17:71533_G/T"	71533	1	2770	1	2323	447	964	1359	206	241	2770	83.9	16.1	"minor"	83.9	16.1
"NC_001806.2_HSV1_s17:71610_C/T"	71610	1	368	1	335	33	90	245	10	23	368	91	9	"minor"	91	9
"NC_001806.2_HSV1_s17:71616_T/C"	71616	1	258	1	24	234	4	20	61	173	258	9.3	90.7	"minor"	90.7	9.3
"NC_001806.2_HSV1_s17:71622_C/T"	71622	1	149	1	134	15	33	101	3	12	149	89.9	10.1	"minor"	89.9	10.1
"NC_001806.2_HSV1_s17:71628_T/C"	71628	1	37	1	17	20	2	15	4	16	37	45.9	54.1	"minor"	54.1	45.9
"NC_001806.2_HSV1_s17:71864_TGGG/CGGT"	71864	1	160	1	150	8	76	74	1	7	158	94.9	5.1	"minor"	94.9	5.1
"NC_001806.2_HSV1_s17:72068_T/G"	72068	1	156	1	16	140	2	14	70	70	156	10.3	89.7	"minor"	89.7	10.3
"NC_001806.2_HSV1_s17:72138_C/T"	72138	1	102	1	75	27	40	35	1	26	102	73.5	26.5	"minor"	73.5	26.5
"NC_001806.2_HSV1_s17:72798_G/A"	72798	1	247	1	148	99	61	87	56	43	247	59.9	40.1	"minor"	59.9	40.1
"NC_001806.2_HSV1_s17:72911_C/T"	72911	1	323	1	299	24	148	151	11	13	323	92.6	7.4	"minor"	92.6	7.4
"NC_001806.2_HSV1_s17:73008_C/T"	73008	1	187	1	96	91	51	45	40	51	187	51.3	48.7	"minor"	51.3	48.7
"NC_001806.2_HSV1_s17:73499_G/T"	73499	1	864	1	775	89	373	402	44	45	864	89.7	10.3	"minor"	89.7	10.3
"NC_001806.2_HSV1_s17:73500_C/A"	73500	1	446	1	322	124	155	167	66	58	446	72.2	27.8	"minor"	72.2	27.8
"NC_001806.2_HSV1_s17:73634_G/A"	73634	1	1678	1	1545	133	868	677	111	22	1678	92.1	7.9	"minor"	92.1	7.9
"NC_001806.2_HSV1_s17:73991_C/T"	73991	1	2479	1	2316	163	1255	1061	70	93	2479	93.4	6.6	"minor"	93.4	6.6
"NC_001806.2_HSV1_s17:74442_G/A"	74442	1	1854	1	1697	157	881	816	93	64	1854	91.5	8.5	"minor"	91.5	8.5
"NC_001806.2_HSV1_s17:74784_C/G"	74784	1	101	1	48	53	26	22	31	22	101	47.5	52.5	"minor"	52.5	47.5
"NC_001806.2_HSV1_s17:74882_C/T"	74882	1	553	1	505	48	294	211	30	18	553	91.3	8.7	"minor"	91.3	8.7
"NC_001806.2_HSV1_s17:75051_C/A"	75051	1	410	1	339	71	169	170	46	25	410	82.7	17.3	"minor"	82.7	17.3
"NC_001806.2_HSV1_s17:75231_A/C"	75231	1	592	1	66	526	36	30	253	273	592	11.1	88.9	"minor"	88.9	11.1
"NC_001806.2_HSV1_s17:75302_T/C"	75302	1	415	1	57	358	16	41	205	153	415	13.7	86.3	"minor"	86.3	13.7
"NC_001806.2_HSV1_s17:75359_C/T"	75359	1	736	1	655	81	469	186	41	40	736	89	11	"minor"	89	11
"NC_001806.2_HSV1_s17:75417_G/A"	75417	1	816	1	611	205	329	282	176	29	816	74.9	25.1	"minor"	74.9	25.1
"NC_001806.2_HSV1_s17:75735_G/A"	75735	1	980	1	875	105	426	449	53	52	980	89.3	10.7	"minor"	89.3	10.7
"NC_001806.2_HSV1_s17:75777_C/G"	75777	1	1148	1	471	677	235	236	326	351	1148	41	59	"minor"	59	41
"NC_001806.2_HSV1_s17:75799_G/A"	75799	1	609	1	565	44	268	297	26	18	609	92.8	7.2	"minor"	92.8	7.2
"NC_001806.2_HSV1_s17:75921_G/A"	75921	1	1688	1	1126	562	616	510	315	247	1688	66.7	33.3	"minor"	66.7	33.3
"NC_001806.2_HSV1_s17:76056_G/T"	76056	1	1481	1	945	536	468	477	275	261	1481	63.8	36.2	"minor"	63.8	36.2
"NC_001806.2_HSV1_s17:76119_C/G"	76119	1	1897	1	627	1270	305	322	623	647	1897	33.1	66.9	"minor"	66.9	33.1
"NC_001806.2_HSV1_s17:76335_T/C"	76335	1	1573	1	176	1397	98	78	717	680	1573	11.2	88.8	"minor"	88.8	11.2
"NC_001806.2_HSV1_s17:76631_C/T"	76631	1	316	1	221	95	112	109	29	66	316	69.9	30.1	"minor"	69.9	30.1
"NC_001806.2_HSV1_s17:76776_GGCA/TGCC"	76776	1	570	1	198	372	95	103	206	166	570	34.7	65.3	"minor"	65.3	34.7
"NC_001806.2_HSV1_s17:76813_A/C"	76813	1	490	1	24	466	19	5	270	196	490	4.9	95.1	"minor"	95.1	4.9
"NC_001806.2_HSV1_s17:76995_T/C"	76995	1	3879	1	206	3673	126	80	2088	1585	3879	5.3	94.7	"minor"	94.7	5.3
"NC_001806.2_HSV1_s17:77091_T/G"	77091	1	6336	1	973	5363	489	484	2470	2893	6336	15.4	84.6	"minor"	84.6	15.4
"NC_001806.2_HSV1_s17:77115_C/T"	77115	1	4322	1	2848	1474	1272	1576	657	817	4322	65.9	34.1	"minor"	65.9	34.1
"NC_001806.2_HSV1_s17:77127_G/A"	77127	1	3103	1	2497	605	1103	1394	249	356	3102	80.5	19.5	"minor"	80.5	19.5
"NC_001806.2_HSV1_s17:77471_A/C"	77471	1	184	1	26	158	14	12	77	81	184	14.1	85.9	"minor"	85.9	14.1
"NC_001806.2_HSV1_s17:77499_T/G"	77499	1	194	1	72	122	40	32	56	66	194	37.1	62.9	"minor"	62.9	37.1
"NC_001806.2_HSV1_s17:77630_C/T"	77630	1	161	1	132	29	71	61	12	17	161	82	18	"minor"	82	18
"NC_001806.2_HSV1_s17:77964_G/T"	77964	1	1519	1	1421	98	658	763	15	83	1519	93.5	6.5	"minor"	93.5	6.5
"NC_001806.2_HSV1_s17:78128_G/A"	78128	1	838	1	749	89	330	419	72	17	838	89.4	10.6	"minor"	89.4	10.6
"NC_001806.2_HSV1_s17:78923_C/T"	78923	1	495	1	423	72	177	246	16	56	495	85.5	14.5	"minor"	85.5	14.5
"NC_001806.2_HSV1_s17:79092_G/T"	79092	1	469	1	435	34	245	190	12	22	469	92.8	7.2	"minor"	92.8	7.2
"NC_001806.2_HSV1_s17:79147_C/T"	79147	1	1062	1	949	113	458	491	22	91	1062	89.4	10.6	"minor"	89.4	10.6
"NC_001806.2_HSV1_s17:79302_C/A"	79302	1	616	1	482	134	259	223	60	74	616	78.2	21.8	"minor"	78.2	21.8
"NC_001806.2_HSV1_s17:79360_G/C"	79360	1	810	1	508	302	205	303	94	208	810	62.7	37.3	"minor"	62.7	37.3
"NC_001806.2_HSV1_s17:79443_A/C"	79443	1	83	1	44	39	22	22	24	15	83	53	47	"minor"	53	47
"NC_001806.2_HSV1_s17:79451_G/A"	79451	1	127	1	69	58	40	29	20	38	127	54.3	45.7	"minor"	54.3	45.7
"NC_001806.2_HSV1_s17:79464_C/T"	79464	1	144	1	103	41	55	48	7	34	144	71.5	28.5	"minor"	71.5	28.5
"NC_001806.2_HSV1_s17:79521_T/G"	79521	1	203	1	68	134	30	38	55	79	202	33.7	66.3	"minor"	66.3	33.7
"NC_001806.2_HSV1_s17:79983_G/A"	79983	1	1627	1	1485	142	688	797	66	76	1627	91.3	8.7	"minor"	91.3	8.7
"NC_001806.2_HSV1_s17:80097_C/A"	80097	1	1168	1	984	184	524	460	105	79	1168	84.2	15.8	"minor"	84.2	15.8
"NC_001806.2_HSV1_s17:80325_G/A"	80325	1	2858	1	2262	596	1219	1043	339	257	2858	79.1	20.9	"minor"	79.1	20.9
"NC_001806.2_HSV1_s17:80481_G/A"	80481	1	1841	1	1510	331	701	809	167	164	1841	82	18	"minor"	82	18
"NC_001806.2_HSV1_s17:80488_G/C"	80488	1	3008	1	1479	1529	715	764	739	790	3008	49.2	50.8	"minor"	50.8	49.2
"NC_001806.2_HSV1_s17:80516_C/G"	80516	1	1905	1	1796	109	792	1004	63	46	1905	94.3	5.7	"minor"	94.3	5.7
"NC_001806.2_HSV1_s17:80590_G/A"	80590	1	1716	1	1343	372	589	754	223	149	1715	78.3	21.7	"minor"	78.3	21.7
"NC_001806.2_HSV1_s17:80608_A/C"	80608	1	1941	1	50	1891	48	2	1012	879	1941	2.6	97.4	"minor"	97.4	2.6
"NC_001806.2_HSV1_s17:80648_C/G"	80648	1	308	1	290	18	150	140	8	10	308	94.2	5.8	"minor"	94.2	5.8
"NC_001806.2_HSV1_s17:80678_A/C"	80678	1	2220	1	210	2010	129	81	1056	954	2220	9.5	90.5	"minor"	90.5	9.5
"NC_001806.2_HSV1_s17:80698_T/G"	80698	1	2004	1	97	1907	9	88	977	930	2004	4.8	95.2	"minor"	95.2	4.8
"NC_001806.2_HSV1_s17:80752_G/A"	80752	1	2266	1	1911	354	1024	887	194	160	2265	84.4	15.6	"minor"	84.4	15.6
"NC_001806.2_HSV1_s17:80873_A/G"	80873	1	1441	1	309	1132	185	124	558	574	1441	21.4	78.6	"minor"	78.6	21.4
"NC_001806.2_HSV1_s17:81169_GT/AG"	81169	1	362	1	319	42	103	216	19	23	361	88.4	11.6	"minor"	88.4	11.6
"NC_001806.2_HSV1_s17:81625_G/A"	81625	1	1238	1	976	262	446	530	168	94	1238	78.8	21.2	"minor"	78.8	21.2
"NC_001806.2_HSV1_s17:82936_G/A"	82936	1	1836	1	1676	160	801	875	65	95	1836	91.3	8.7	"minor"	91.3	8.7
"NC_001806.2_HSV1_s17:83155_GAGC/CAGT"	83155	1	1394	1	1001	385	502	499	183	202	1386	72.2	27.8	"minor"	72.2	27.8
"NC_001806.2_HSV1_s17:83553_G/A"	83553	1	3197	1	2895	302	1451	1444	161	141	3197	90.6	9.4	"minor"	90.6	9.4
"NC_001806.2_HSV1_s17:84566_G/A"	84566	1	1115	1	684	431	293	391	250	181	1115	61.3	38.7	"minor"	61.3	38.7
"NC_001806.2_HSV1_s17:85880_T/C"	85880	1	1723	1	221	1501	100	121	809	692	1722	12.8	87.2	"minor"	87.2	12.8
"NC_001806.2_HSV1_s17:87270_G/A"	87270	1	667	1	638	29	327	311	28	1	667	95.7	4.3	"minor"	95.7	4.3
"NC_001806.2_HSV1_s17:87281_A/G"	87281	1	287	1	77	210	68	9	119	91	287	26.8	73.2	"minor"	73.2	26.8
"NC_001806.2_HSV1_s17:87480_C/T"	87480	1	1790	1	952	836	522	430	459	377	1788	53.2	46.8	"minor"	53.2	46.8
"NC_001806.2_HSV1_s17:87810_C/T"	87810	1	1383	1	786	597	391	395	298	299	1383	56.8	43.2	"minor"	56.8	43.2
"NC_001806.2_HSV1_s17:88821_C/T"	88821	1	1781	1	1021	760	539	482	393	367	1781	57.3	42.7	"minor"	57.3	42.7
"NC_001806.2_HSV1_s17:88881_G/A"	88881	1	2013	1	1155	858	585	570	415	443	2013	57.4	42.6	"minor"	57.4	42.6
"NC_001806.2_HSV1_s17:89697_G/T"	89697	1	2424	1	1086	1337	528	558	703	634	2423	44.8	55.2	"minor"	55.2	44.8
"NC_001806.2_HSV1_s17:90239_C/T"	90239	1	2128	1	1251	877	630	621	448	429	2128	58.8	41.2	"minor"	58.8	41.2
"NC_001806.2_HSV1_s17:90503_C/A"	90503	1	2298	1	1372	926	706	666	498	428	2298	59.7	40.3	"minor"	59.7	40.3
"NC_001806.2_HSV1_s17:90839_A/C"	90839	1	818	1	780	38	552	228	22	16	818	95.4	4.6	"minor"	95.4	4.6
"NC_001806.2_HSV1_s17:91687_G/A"	91687	1	2102	1	2014	88	1040	974	51	37	2102	95.8	4.2	"minor"	95.8	4.2
"NC_001806.2_HSV1_s17:91715_G/A"	91715	1	1930	1	1817	113	936	881	52	61	1930	94.1	5.9	"minor"	94.1	5.9
"NC_001806.2_HSV1_s17:91914_T/C"	91914	1	5445	1	463	4982	261	202	2613	2369	5445	8.5	91.5	"minor"	91.5	8.5
"NC_001806.2_HSV1_s17:91930_T/G"	91930	1	3332	1	1427	1903	745	682	967	936	3330	42.9	57.1	"minor"	57.1	42.9
"NC_001806.2_HSV1_s17:92532_C/T"	92532	1	3878	1	2162	1716	1016	1146	771	945	3878	55.8	44.2	"minor"	55.8	44.2
"NC_001806.2_HSV1_s17:99206_T/G"	99206	1	509	1	474	35	1	473	1	34	509	93.1	6.9	"minor"	93.1	6.9
"NC_001806.2_HSV1_s17:103480_T/C"	103480	1	296	1	199	97	150	49	51	46	296	67.2	32.8	"minor"	67.2	32.8
"NC_001806.2_HSV1_s17:103486_A/C"	103486	1	1186	1	1139	46	762	377	18	28	1185	96.1	3.9	"minor"	96.1	3.9
"NC_001806.2_HSV1_s17:115722_A/C"	115722	1	929	1	886	36	866	20	1	35	922	96.1	3.9	"minor"	96.1	3.9
"NC_001806.2_HSV1_s17:132608_C/G"	132608	1	49	1	23	26	13	10	6	20	49	46.9	53.1	"minor"	53.1	46.9
"NC_001806.2_HSV1_s17:135124_C/G"	135124	1	127	1	117	10	35	82	6	4	127	92.1	7.9	"minor"	92.1	7.9
"NC_001806.2_HSV1_s17:135132_T/G"	135132	1	20	1	14	6	2	12	1	5	20	70	30	"minor"	70	30
"NC_001806.2_HSV1_s17:136992_A/G"	136992	1	512	1	420	92	187	233	48	44	512	82	18	"minor"	82	18
"NC_001806.2_HSV1_s17:137474_G/C"	137474	1	281	1	249	32	94	155	20	12	281	88.6	11.4	"minor"	88.6	11.4
"NC_001806.2_HSV1_s17:137588_C/G"	137588	1	519	1	464	55	185	279	30	25	519	89.4	10.6	"minor"	89.4	10.6
"NC_001806.2_HSV1_s17:137593_T/G"	137593	1	772	1	729	41	117	612	18	23	770	94.7	5.3	"minor"	94.7	5.3
"NC_001806.2_HSV1_s17:139610_A/C"	139610	1	66	1	10	56	9	1	34	22	66	15.2	84.8	"minor"	84.8	15.2
"NC_001806.2_HSV1_s17:139618_T/C"	139618	1	1118	1	1040	78	463	577	46	32	1118	93	7	"minor"	93	7
"NC_001806.2_HSV1_s17:139762_T/C"	139762	1	244	1	213	31	126	87	15	16	244	87.3	12.7	"minor"	87.3	12.7
"NC_001806.2_HSV1_s17:139767_T/C"	139767	1	1375	1	1334	41	655	679	17	24	1375	97	3	"minor"	97	3
"NC_001806.2_HSV1_s17:140413_A/C"	140413	1	103	1	98	5	91	7	4	1	103	95.1	4.9	"minor"	95.1	4.9
"NC_001806.2_HSV1_s17:141060_T/C"	141060	1	506	1	483	23	273	210	16	7	506	95.5	4.5	"minor"	95.5	4.5
"NC_001806.2_HSV1_s17:141062_T/C"	141062	1	697	1	664	33	432	232	13	20	697	95.3	4.7	"minor"	95.3	4.7
"NC_001806.2_HSV1_s17:142276_C/T"	142276	1	2069	1	1933	136	917	1016	49	87	2069	93.4	6.6	"minor"	93.4	6.6
"NC_001806.2_HSV1_s17:142332_C/T"	142332	1	1347	1	667	680	303	364	254	426	1347	49.5	50.5	"minor"	50.5	49.5
"NC_001806.2_HSV1_s17:142531_C/T"	142531	1	1133	1	1090	43	589	501	12	31	1133	96.2	3.8	"minor"	96.2	3.8
"NC_001806.2_HSV1_s17:143065_G/A"	143065	1	440	1	240	200	134	106	127	73	440	54.5	45.5	"minor"	54.5	45.5
"NC_001806.2_HSV1_s17:143592_G/T"	143592	1	3104	1	1677	1425	786	891	802	623	3102	54.1	45.9	"minor"	54.1	45.9
"NC_001806.2_HSV1_s17:143979_A/T"	143979	1	548	1	336	212	284	52	135	77	548	61.3	38.7	"minor"	61.3	38.7
"NC_001806.2_HSV1_s17:143989_AA/TT"	143989	1	641	1	164	476	101	63	297	179	640	25.6	74.4	"minor"	74.4	25.6
"NC_001806.2_HSV1_s17:144011_C/T"	144011	1	1455	1	995	460	573	422	210	250	1455	68.4	31.6	"minor"	68.4	31.6
"NC_001806.2_HSV1_s17:144716_G/C"	144716	1	2015	1	295	1720	140	155	804	916	2015	14.6	85.4	"minor"	85.4	14.6
"NC_001806.2_HSV1_s17:144825_G/T"	144825	1	342	1	322	20	133	189	10	10	342	94.2	5.8	"minor"	94.2	5.8
"NC_001806.2_HSV1_s17:144843_G/T"	144843	1	633	1	538	95	299	239	37	58	633	85	15	"minor"	85	15
"NC_001806.2_HSV1_s17:145264_G/C"	145264	1	519	1	504	15	257	247	13	2	519	97.1	2.9	"minor"	97.1	2.9
"NC_001806.2_HSV1_s17:145681_C/T"	145681	1	373	1	228	145	61	167	50	95	373	61.1	38.9	"minor"	61.1	38.9
