"position"	"NS"	"Depth"	"Alleles"	"RefCount"	"AltCount"	"SRF"	"SRR"	"SAF"	"SAR"	"Depth2"	"refper"	"altper"	"vartype"	"majorfreq"	"minorfreq"
"NC_001806.2_HSV1_s17:21938_G/A"	21938	1	246	1	239	7	121	118	4	3	246	97.2	2.8	"minor"	97.2	2.8
"NC_001806.2_HSV1_s17:35071_A/C"	35071	1	32	1	24	8	16	8	3	5	32	75	25	"minor"	75	25
"NC_001806.2_HSV1_s17:53235_G/A"	53235	1	265	1	259	6	122	137	3	3	265	97.7	2.3	"minor"	97.7	2.3
"NC_001806.2_HSV1_s17:58670_C/T"	58670	1	117	1	112	5	61	51	1	4	117	95.7	4.3	"minor"	95.7	4.3
"NC_001806.2_HSV1_s17:63802_G/A"	63802	1	224	1	218	6	100	118	3	3	224	97.3	2.7	"minor"	97.3	2.7
"NC_001806.2_HSV1_s17:80650_C/A"	80650	1	31	1	25	6	9	16	4	2	31	80.6	19.4	"minor"	80.6	19.4
"NC_001806.2_HSV1_s17:105181_C/A"	105181	1	217	1	212	5	104	108	4	1	217	97.7	2.3	"minor"	97.7	2.3
"NC_001806.2_HSV1_s17:109475_G/A"	109475	1	137	1	131	6	62	69	3	3	137	95.6	4.4	"minor"	95.6	4.4
"NC_001806.2_HSV1_s17:115733_G/A"	115733	1	373	1	365	8	217	148	4	4	373	97.9	2.1	"minor"	97.9	2.1
"NC_001806.2_HSV1_s17:116093_C/A"	116093	1	118	1	28	90	15	13	51	39	118	23.7	76.3	"minor"	76.3	23.7
"NC_001806.2_HSV1_s17:116094_A/C"	116094	1	418	1	409	9	168	241	3	6	418	97.8	2.2	"minor"	97.8	2.2
"NC_001806.2_HSV1_s17:139628_C/G"	139628	1	42	1	36	6	19	17	3	3	42	85.7	14.3	"minor"	85.7	14.3
"NC_001806.2_HSV1_s17:141062_T/C"	141062	1	101	1	8	92	5	3	63	29	100	8	92	"minor"	92	8
"NC_001806.2_HSV1_s17:144835_G/T"	144835	1	34	1	23	11	12	11	4	7	34	67.6	32.4	"minor"	67.6	32.4
"NC_001806.2_HSV1_s17:144843_G/T"	144843	1	33	1	16	17	6	10	9	8	33	48.5	51.5	"minor"	51.5	48.5
"NC_001806.2_HSV1_s17:144849_A/G"	144849	1	27	1	11	16	6	5	6	10	27	40.7	59.3	"minor"	59.3	40.7
