"position"	"NS"	"Depth"	"Alleles"	"RefCount"	"AltCount"	"SRF"	"SRR"	"SAF"	"SAR"	"Depth2"	"refper"	"altper"	"vartype"	"majorfreq"	"minorfreq"
"NC_001806.2_HSV1_s17:18138_G/A"	18138	1	83	1	73	10	26	47	7	3	83	88	12	"minor"	88	12
"NC_001806.2_HSV1_s17:24728_C/T"	24728	1	1424	1	1387	36	591	796	9	27	1423	97.5	2.5	"minor"	97.5	2.5
"NC_001806.2_HSV1_s17:30107_A/C"	30107	1	93	1	82	11	45	37	7	4	93	88.2	11.8	"minor"	88.2	11.8
"NC_001806.2_HSV1_s17:34965_C/A"	34965	1	52	1	45	7	23	22	2	5	52	86.5	13.5	"minor"	86.5	13.5
"NC_001806.2_HSV1_s17:35071_A/C"	35071	1	86	1	9	77	5	4	6	71	86	10.5	89.5	"minor"	89.5	10.5
"NC_001806.2_HSV1_s17:43743_G/C"	43743	1	153	1	139	14	53	86	9	5	153	90.8	9.2	"minor"	90.8	9.2
"NC_001806.2_HSV1_s17:56884_A/G"	56884	1	152	1	146	6	81	65	3	3	152	96.1	3.9	"minor"	96.1	3.9
"NC_001806.2_HSV1_s17:62152_C/G"	62152	1	174	1	149	25	56	93	20	5	174	85.6	14.4	"minor"	85.6	14.4
"NC_001806.2_HSV1_s17:79425_T/G"	79425	1	34	1	28	6	6	22	2	4	34	82.4	17.6	"minor"	82.4	17.6
"NC_001806.2_HSV1_s17:80651_GCCC/CCCA"	80651	1	156	1	23	131	10	13	33	98	154	14.9	85.1	"minor"	85.1	14.9
"NC_001806.2_HSV1_s17:84486_C/T"	84486	1	42	1	16	26	10	6	8	18	42	38.1	61.9	"minor"	61.9	38.1
"NC_001806.2_HSV1_s17:94051_C/T"	94051	1	982	1	957	24	47	910	23	1	981	97.6	2.4	"minor"	97.6	2.4
"NC_001806.2_HSV1_s17:94620_C/G"	94620	1	69	1	30	39	17	13	23	16	69	43.5	56.5	"minor"	56.5	43.5
"NC_001806.2_HSV1_s17:94624_T/G"	94624	1	512	1	490	22	77	413	17	5	512	95.7	4.3	"minor"	95.7	4.3
"NC_001806.2_HSV1_s17:103480_T/C"	103480	1	166	1	115	51	72	43	32	19	166	69.3	30.7	"minor"	69.3	30.7
"NC_001806.2_HSV1_s17:105176_G/A"	105176	1	55	1	44	11	15	29	7	4	55	80	20	"minor"	80	20
"NC_001806.2_HSV1_s17:108155_T/A"	108155	1	102	1	94	8	63	31	1	7	102	92.2	7.8	"minor"	92.2	7.8
"NC_001806.2_HSV1_s17:113518_C/G"	113518	1	123	1	113	10	54	59	5	5	123	91.9	8.1	"minor"	91.9	8.1
"NC_001806.2_HSV1_s17:113525_C/G"	113525	1	680	1	664	15	281	383	5	10	679	97.8	2.2	"minor"	97.8	2.2
"NC_001806.2_HSV1_s17:116065_C/A"	116065	1	217	1	173	44	86	87	32	12	217	79.7	20.3	"minor"	79.7	20.3
"NC_001806.2_HSV1_s17:116093_C/A"	116093	1	179	1	164	15	103	61	8	7	179	91.6	8.4	"minor"	91.6	8.4
"NC_001806.2_HSV1_s17:116094_A/C"	116094	1	1676	1	1571	105	716	855	64	41	1676	93.7	6.3	"minor"	93.7	6.3
"NC_001806.2_HSV1_s17:117172_C/T"	117172	1	175	1	146	29	55	91	13	16	175	83.4	16.6	"minor"	83.4	16.6
"NC_001806.2_HSV1_s17:117189_C/T"	117189	1	27	1	19	8	3	16	4	4	27	70.4	29.6	"minor"	70.4	29.6
"NC_001806.2_HSV1_s17:135072_G/C"	135072	1	271	1	259	12	121	138	3	9	271	95.6	4.4	"minor"	95.6	4.4
"NC_001806.2_HSV1_s17:139610_A/C"	139610	1	69	1	54	15	41	13	12	3	69	78.3	21.7	"minor"	78.3	21.7
"NC_001806.2_HSV1_s17:139618_T/C"	139618	1	1183	1	1143	40	607	536	17	23	1183	96.6	3.4	"minor"	96.6	3.4
"NC_001806.2_HSV1_s17:139628_C/G"	139628	1	182	1	164	17	81	83	9	8	181	90.6	9.4	"minor"	90.6	9.4
"NC_001806.2_HSV1_s17:139762_T/C"	139762	1	162	1	144	17	84	60	9	8	161	89.4	10.6	"minor"	89.4	10.6
"NC_001806.2_HSV1_s17:141803_A/G"	141803	1	342	1	316	26	190	126	11	15	342	92.4	7.6	"minor"	92.4	7.6
"NC_001806.2_HSV1_s17:143638_A/C"	143638	1	1459	1	1423	36	247	1176	16	20	1459	97.5	2.5	"minor"	97.5	2.5
"NC_001806.2_HSV1_s17:145264_G/C"	145264	1	72	1	64	8	26	38	6	2	72	88.9	11.1	"minor"	88.9	11.1
