"position"	"NS"	"Depth"	"Alleles"	"RefCount"	"AltCount"	"SRF"	"SRR"	"SAF"	"SAR"	"Depth2"	"refper"	"altper"	"vartype"	"majorfreq"	"minorfreq"
"NC_001806.2_HSV1_s17:11772_A/G"	11772	1	5548	1	219	5329	111	108	2483	2846	5548	3.9	96.1	"minor"	96.1	3.9
"NC_001806.2_HSV1_s17:20573_G/C"	20573	1	398	1	364	34	129	235	8	26	398	91.5	8.5	"minor"	91.5	8.5
"NC_001806.2_HSV1_s17:24750_G/T"	24750	1	735	1	682	53	333	349	1	52	735	92.8	7.2	"minor"	92.8	7.2
"NC_001806.2_HSV1_s17:24757_A/T"	24757	1	6316	1	6102	214	2826	3276	115	99	6316	96.6	3.4	"minor"	96.6	3.4
"NC_001806.2_HSV1_s17:30107_A/C"	30107	1	429	1	382	47	176	206	34	13	429	89	11	"minor"	89	11
"NC_001806.2_HSV1_s17:30123_A/C"	30123	1	606	1	592	14	360	232	1	13	606	97.7	2.3	"minor"	97.7	2.3
"NC_001806.2_HSV1_s17:34872_G/A"	34872	1	978	1	950	28	361	589	18	10	978	97.1	2.9	"minor"	97.1	2.9
"NC_001806.2_HSV1_s17:35065_A/C"	35065	1	1283	1	1249	33	570	679	9	24	1282	97.4	2.6	"minor"	97.4	2.6
"NC_001806.2_HSV1_s17:36333_A/G"	36333	1	115	1	69	45	42	27	28	17	114	60.5	39.5	"minor"	60.5	39.5
"NC_001806.2_HSV1_s17:40801_C/A"	40801	1	380	1	369	11	291	78	8	3	380	97.1	2.9	"minor"	97.1	2.9
"NC_001806.2_HSV1_s17:41718_A/C"	41718	1	1003	1	867	136	607	260	72	64	1003	86.4	13.6	"minor"	86.4	13.6
"NC_001806.2_HSV1_s17:42753_G/T"	42753	1	1770	1	1383	387	607	776	106	281	1770	78.1	21.9	"minor"	78.1	21.9
"NC_001806.2_HSV1_s17:42759_T/G"	42759	1	1357	1	1107	250	412	695	74	176	1357	81.6	18.4	"minor"	81.6	18.4
"NC_001806.2_HSV1_s17:43741_G/C"	43741	1	1017	1	979	38	429	550	27	11	1017	96.3	3.7	"minor"	96.3	3.7
"NC_001806.2_HSV1_s17:49176_T/G"	49176	1	216	1	207	9	75	132	3	6	216	95.8	4.2	"minor"	95.8	4.2
"NC_001806.2_HSV1_s17:52885_G/T"	52885	1	601	1	554	47	308	246	1	46	601	92.2	7.8	"minor"	92.2	7.8
"NC_001806.2_HSV1_s17:52969_T/A"	52969	1	508	1	318	190	157	161	90	100	508	62.6	37.4	"minor"	62.6	37.4
"NC_001806.2_HSV1_s17:53996_G/T"	53996	1	2441	1	2376	65	1127	1249	36	29	2441	97.3	2.7	"minor"	97.3	2.7
"NC_001806.2_HSV1_s17:62218_C/A"	62218	1	191	1	140	51	64	76	26	25	191	73.3	26.7	"minor"	73.3	26.7
"NC_001806.2_HSV1_s17:62751_T/C"	62751	1	241	1	118	123	74	44	77	46	241	49	51	"minor"	51	49
"NC_001806.2_HSV1_s17:79416_G/C"	79416	1	186	1	181	5	20	161	4	1	186	97.3	2.7	"minor"	97.3	2.7
"NC_001806.2_HSV1_s17:79425_T/G"	79425	1	401	1	354	47	88	266	19	28	401	88.3	11.7	"minor"	88.3	11.7
"NC_001806.2_HSV1_s17:80650_C/A"	80650	1	744	1	559	185	210	349	114	71	744	75.1	24.9	"minor"	75.1	24.9
"NC_001806.2_HSV1_s17:80651_GCCC/CCCA"	80651	1	675	1	217	447	115	102	144	303	664	32.7	67.3	"minor"	67.3	32.7
"NC_001806.2_HSV1_s17:84484_C/A"	84484	1	1272	1	1245	27	976	269	13	14	1272	97.9	2.1	"minor"	97.9	2.1
"NC_001806.2_HSV1_s17:94051_C/T"	94051	1	5619	1	5463	153	335	5128	151	2	5616	97.3	2.7	"minor"	97.3	2.7
"NC_001806.2_HSV1_s17:94620_C/G"	94620	1	413	1	231	182	102	129	102	80	413	55.9	44.1	"minor"	55.9	44.1
"NC_001806.2_HSV1_s17:97892_C/T"	97892	1	304	1	273	31	66	207	2	29	304	89.8	10.2	"minor"	89.8	10.2
"NC_001806.2_HSV1_s17:99191_T/G"	99191	1	599	1	553	45	1	552	23	22	598	92.5	7.5	"minor"	92.5	7.5
"NC_001806.2_HSV1_s17:105176_G/A"	105176	1	433	1	390	43	217	173	23	20	433	90.1	9.9	"minor"	90.1	9.9
"NC_001806.2_HSV1_s17:105181_C/A"	105181	1	5602	1	5479	122	2712	2767	117	5	5601	97.8	2.2	"minor"	97.8	2.2
"NC_001806.2_HSV1_s17:105381_C/A"	105381	1	248	1	181	67	91	90	43	24	248	73	27	"minor"	73	27
"NC_001806.2_HSV1_s17:105483_G/T"	105483	1	351	1	334	17	156	178	2	15	351	95.2	4.8	"minor"	95.2	4.8
"NC_001806.2_HSV1_s17:116094_A/C"	116094	1	738	1	224	514	106	118	336	178	738	30.4	69.6	"minor"	69.6	30.4
"NC_001806.2_HSV1_s17:117172_C/T"	117172	1	721	1	676	45	270	406	19	26	721	93.8	6.2	"minor"	93.8	6.2
"NC_001806.2_HSV1_s17:117189_C/T"	117189	1	153	1	104	47	17	87	23	24	151	68.9	31.1	"minor"	68.9	31.1
"NC_001806.2_HSV1_s17:135065_C/G"	135065	1	370	1	342	28	156	186	22	6	370	92.4	7.6	"minor"	92.4	7.6
"NC_001806.2_HSV1_s17:135073_C/G"	135073	1	1391	1	1330	60	606	724	28	32	1390	95.7	4.3	"minor"	95.7	4.3
"NC_001806.2_HSV1_s17:136979_T/A"	136979	1	1128	1	1099	29	509	590	13	16	1128	97.4	2.6	"minor"	97.4	2.6
"NC_001806.2_HSV1_s17:136992_AGAG/GGAA"	136992	1	5639	1	5446	186	2540	2906	93	93	5632	96.7	3.3	"minor"	96.7	3.3
"NC_001806.2_HSV1_s17:137474_G/C"	137474	1	539	1	498	40	246	252	20	20	538	92.6	7.4	"minor"	92.6	7.4
"NC_001806.2_HSV1_s17:137588_C/G"	137588	1	652	1	550	101	206	344	63	38	651	84.5	15.5	"minor"	84.5	15.5
"NC_001806.2_HSV1_s17:138015_TCCCCC/TTTTC"	138015	1	3150	1	543	2207	353	190	1218	989	2750	19.7	80.3	"minor"	80.3	19.7
"NC_001806.2_HSV1_s17:138130_G/T"	138130	1	285	1	272	13	98	174	1	12	285	95.4	4.6	"minor"	95.4	4.6
"NC_001806.2_HSV1_s17:139762_T/C"	139762	1	812	1	770	42	405	365	16	26	812	94.8	5.2	"minor"	94.8	5.2
"NC_001806.2_HSV1_s17:141064_CCC/TCT"	141064	1	836	1	777	48	70	707	25	23	825	94.2	5.8	"minor"	94.2	5.8
"NC_001806.2_HSV1_s17:144843_G/T"	144843	1	1946	1	1529	417	786	743	216	201	1946	78.6	21.4	"minor"	78.6	21.4
