"position"	"NS"	"Depth"	"Alleles"	"RefCount"	"AltCount"	"SRF"	"SRR"	"SAF"	"SAR"	"Depth2"	"refper"	"altper"	"vartype"	"majorfreq"	"minorfreq"
"NC_001806.2_HSV1_s17:9202_G/A"	9202	1	66	1	12	54	9	3	31	23	66	18.2	81.8	"minor"	81.8	18.2
"NC_001806.2_HSV1_s17:11668_G/C"	11668	1	845	1	826	19	477	349	3	16	845	97.8	2.2	"minor"	97.8	2.2
"NC_001806.2_HSV1_s17:20571_G/C"	20571	1	261	1	235	26	87	148	8	18	261	90	10	"minor"	90	10
"NC_001806.2_HSV1_s17:36333_A/G"	36333	1	40	1	14	26	4	10	16	10	40	35	65	"minor"	65	35
"NC_001806.2_HSV1_s17:40801_C/A"	40801	1	120	1	115	5	86	29	3	2	120	95.8	4.2	"minor"	95.8	4.2
"NC_001806.2_HSV1_s17:41718_A/C"	41718	1	380	1	357	23	304	53	15	8	380	93.9	6.1	"minor"	93.9	6.1
"NC_001806.2_HSV1_s17:43742_G/C"	43742	1	360	1	344	16	133	211	7	9	360	95.6	4.4	"minor"	95.6	4.4
"NC_001806.2_HSV1_s17:48722_C/A"	48722	1	188	1	151	34	88	63	20	14	185	81.6	18.4	"minor"	81.6	18.4
"NC_001806.2_HSV1_s17:50752_C/G"	50752	1	91	1	72	17	16	56	11	6	89	80.9	19.1	"minor"	80.9	19.1
"NC_001806.2_HSV1_s17:50770_T/C"	50770	1	136	1	88	48	31	57	31	17	136	64.7	35.3	"minor"	64.7	35.3
"NC_001806.2_HSV1_s17:52809_C/T"	52809	1	299	1	279	20	162	117	6	14	299	93.3	6.7	"minor"	93.3	6.7
"NC_001806.2_HSV1_s17:52817_A/T"	52817	1	1977	1	1924	53	822	1102	30	23	1977	97.3	2.7	"minor"	97.3	2.7
"NC_001806.2_HSV1_s17:52884_G/T"	52884	1	195	1	189	6	118	71	1	5	195	96.9	3.1	"minor"	96.9	3.1
"NC_001806.2_HSV1_s17:52969_T/A"	52969	1	164	1	118	46	39	79	30	16	164	72	28	"minor"	72	28
"NC_001806.2_HSV1_s17:58451_A/C"	58451	1	41	1	16	25	13	3	19	6	41	39	61	"minor"	61	39
"NC_001806.2_HSV1_s17:58458_A/C"	58458	1	237	1	217	20	70	147	11	9	237	91.6	8.4	"minor"	91.6	8.4
"NC_001806.2_HSV1_s17:62142_C/G"	62142	1	291	1	284	7	137	147	1	6	291	97.6	2.4	"minor"	97.6	2.4
"NC_001806.2_HSV1_s17:62152_C/G"	62152	1	393	1	374	19	143	231	11	8	393	95.2	4.8	"minor"	95.2	4.8
"NC_001806.2_HSV1_s17:62218_C/A"	62218	1	66	1	37	29	12	25	20	9	66	56.1	43.9	"minor"	56.1	43.9
"NC_001806.2_HSV1_s17:62751_T/C"	62751	1	103	1	60	43	32	28	24	19	103	58.3	41.7	"minor"	58.3	41.7
"NC_001806.2_HSV1_s17:79425_T/G"	79425	1	63	1	52	11	5	47	5	6	63	82.5	17.5	"minor"	82.5	17.5
"NC_001806.2_HSV1_s17:80651_GCCC/CCCA"	80651	1	1822	1	43	1760	27	16	713	1047	1803	2.4	97.6	"minor"	97.6	2.4
"NC_001806.2_HSV1_s17:85973_T/C"	85973	1	991	1	970	21	350	620	20	1	991	97.9	2.1	"minor"	97.9	2.1
"NC_001806.2_HSV1_s17:92874_A/C"	92874	1	87	1	52	35	43	9	20	15	87	59.8	40.2	"minor"	59.8	40.2
"NC_001806.2_HSV1_s17:92877_A/G"	92877	1	1900	1	1799	99	755	1044	45	54	1898	94.8	5.2	"minor"	94.8	5.2
"NC_001806.2_HSV1_s17:94620_C/G"	94620	1	219	1	129	90	70	59	53	37	219	58.9	41.1	"minor"	58.9	41.1
"NC_001806.2_HSV1_s17:94624_T/G"	94624	1	1296	1	1250	45	163	1087	32	13	1295	96.5	3.5	"minor"	96.5	3.5
"NC_001806.2_HSV1_s17:94695_G/C"	94695	1	270	1	255	15	76	179	6	9	270	94.4	5.6	"minor"	94.4	5.6
"NC_001806.2_HSV1_s17:94701_A/C"	94701	1	1661	1	1624	37	867	757	26	11	1661	97.8	2.2	"minor"	97.8	2.2
"NC_001806.2_HSV1_s17:103254_C/A"	103254	1	74	1	61	13	44	17	7	6	74	82.4	17.6	"minor"	82.4	17.6
"NC_001806.2_HSV1_s17:103480_T/C"	103480	1	362	1	268	94	173	95	58	36	362	74	26	"minor"	74	26
"NC_001806.2_HSV1_s17:105176_G/A"	105176	1	199	1	184	15	93	91	7	8	199	92.5	7.5	"minor"	92.5	7.5
"NC_001806.2_HSV1_s17:108267_A/G"	108267	1	53	1	31	21	25	6	10	11	52	59.6	40.4	"minor"	59.6	40.4
"NC_001806.2_HSV1_s17:116064_A/C"	116064	1	387	1	343	44	316	27	26	18	387	88.6	11.4	"minor"	88.6	11.4
"NC_001806.2_HSV1_s17:116072_A/C"	116072	1	2375	1	2311	64	773	1538	36	28	2375	97.3	2.7	"minor"	97.3	2.7
"NC_001806.2_HSV1_s17:117165_T/C"	117165	1	93	1	39	54	14	25	19	35	93	41.9	58.1	"minor"	58.1	41.9
"NC_001806.2_HSV1_s17:137474_G/C"	137474	1	255	1	232	21	121	111	14	7	253	91.7	8.3	"minor"	91.7	8.3
"NC_001806.2_HSV1_s17:137588_C/G"	137588	1	175	1	141	34	4	137	18	16	175	80.6	19.4	"minor"	80.6	19.4
"NC_001806.2_HSV1_s17:137593_T/G"	137593	1	1369	1	1323	45	89	1234	28	17	1368	96.7	3.3	"minor"	96.7	3.3
"NC_001806.2_HSV1_s17:139762_T/C"	139762	1	370	1	334	35	168	166	24	11	369	90.5	9.5	"minor"	90.5	9.5
"NC_001806.2_HSV1_s17:141062_T/C"	141062	1	450	1	424	26	317	107	1	25	450	94.2	5.8	"minor"	94.2	5.8
"NC_001806.2_HSV1_s17:143630_T/C"	143630	1	446	1	436	10	275	161	5	5	446	97.8	2.2	"minor"	97.8	2.2
"NC_001806.2_HSV1_s17:143638_A/C"	143638	1	3590	1	3511	79	1214	2297	62	17	3590	97.8	2.2	"minor"	97.8	2.2
"NC_001806.2_HSV1_s17:143974_G/C"	143974	1	219	1	209	10	126	83	5	5	219	95.4	4.6	"minor"	95.4	4.6
"NC_001806.2_HSV1_s17:145264_G/C"	145264	1	146	1	126	16	47	79	11	5	142	88.7	11.3	"minor"	88.7	11.3
"NC_001806.2_HSV1_s17:145593_G/C"	145593	1	170	1	155	15	1	154	6	9	170	91.2	8.8	"minor"	91.2	8.8
